0 0.621336 0.711458 0.119578 0.227083
0 0.400938 0.435417 0.077374 0.125000
0 0.625440 0.413542 0.090270 0.131250
0 0.527550 0.226042 0.058617 0.077083
0 0.553341 0.165625 0.044549 0.068750
0 0.618992 0.183333 0.053927 0.079167
0 0.518171 0.119792 0.044549 0.064583
0 0.554513 0.090625 0.030481 0.060417
0 0.597304 0.115625 0.036342 0.056250
2 0.366940 0.304167 0.023447 0.112500
2 0.391559 0.226042 0.021102 0.093750
3 0.535170 0.423958 0.059789 0.152083
3 0.518171 0.314583 0.051583 0.120833
3 0.527550 0.029167 0.023447 0.054167
4 0.223329 0.660417 0.247362 0.550000
5 0.391820 0.220151 0.019877 0.085332
5 0.369525 0.292155 0.023195 0.071568
