0 0.162083 0.766962 0.108055 0.141593
0 0.176817 0.666667 0.086444 0.123894
0 0.449902 0.907080 0.133595 0.168142
2 0.034381 0.483776 0.025540 0.094395
3 0.167976 0.629794 0.080550 0.120944
3 0.061886 0.439528 0.041257 0.088496
3 0.508841 0.696165 0.070727 0.147493
3 0.468566 0.591445 0.072692 0.138643
3 0.575639 0.597345 0.062868 0.132743
3 0.675835 0.713864 0.074656 0.153392
3 0.680747 0.631268 0.111984 0.100295
3 0.714145 0.681416 0.104126 0.129794
3 0.716110 0.637168 0.104126 0.082596
3 0.780943 0.500000 0.084479 0.085546
4 0.207269 0.432153 0.178782 0.203540
4 0.437132 0.446903 0.339882 0.174041
4 0.738703 0.426254 0.267191 0.156342
4 0.669941 0.312684 0.137525 0.070796
4 0.441061 0.289086 0.100196 0.070796
4 0.203340 0.274336 0.092338 0.053097
5 0.615929 0.937069 0.041427 0.125862
5 0.049641 0.773436 0.039293 0.149715
5 0.338456 0.826598 0.040050 0.139261
5 0.075160 0.922703 0.044291 0.154594
5 0.091779 0.736084 0.040557 0.147929
5 0.603433 0.781640 0.037962 0.142144
5 0.248895 0.850470 0.031391 0.165627
5 0.348822 0.941560 0.059474 0.116881
5 0.819243 0.918830 0.036712 0.113219
5 0.107858 0.617360 0.025873 0.123547
5 0.504642 0.756863 0.034861 0.140413
5 0.658999 0.948210 0.049996 0.103580
5 0.100766 0.858667 0.040015 0.165445
5 0.287217 0.849858 0.037168 0.150755
