0 0.352564 0.571429 0.500000 0.421429
0 0.744872 0.428571 0.166667 0.178571
1 0.198718 0.657143 0.064103 0.042857
2 0.612821 0.412500 0.041026 0.139286
2 0.833333 0.555357 0.158974 0.332143
2 0.921795 0.739286 0.156410 0.292857
6 0.892308 0.358929 0.123077 0.139286
5 0.030661 0.423817 0.060808 0.236176
5 0.210304 0.413554 0.069096 0.178496
5 0.750892 0.477475 0.065486 0.244537
5 0.834597 0.419468 0.081653 0.136346
5 0.756141 0.462742 0.055530 0.199169
5 0.551235 0.370356 0.050606 0.103643
5 0.197998 0.408616 0.045797 0.179622
5 0.615267 0.403696 0.041695 0.117183
