0 0.462240 0.718519 0.136979 0.207407
0 0.636458 0.792130 0.188542 0.325000
2 0.828125 0.707870 0.066667 0.284259
2 0.548177 0.721296 0.041146 0.246296
2 0.941927 0.777315 0.082812 0.380556
4 0.073438 0.612037 0.107292 0.277778
4 0.204427 0.575463 0.101562 0.163889
4 0.329167 0.581481 0.110417 0.109259
5 0.735406 0.808037 0.128092 0.382139
5 0.224970 0.825456 0.122065 0.347288
5 0.136330 0.835412 0.095993 0.326772
5 0.346835 0.786009 0.077352 0.367902
5 0.030881 0.834890 0.061416 0.315005
5 0.931601 0.758276 0.102045 0.334708
5 0.249093 0.674246 0.063030 0.181088
