0 0.738021 0.716204 0.131250 0.221296
0 0.440885 0.686574 0.151562 0.223148
2 0.090104 0.735185 0.042708 0.279630
2 0.194271 0.720833 0.035417 0.223148
2 0.170313 0.716667 0.033333 0.196296
4 0.334115 0.612963 0.198437 0.377778
5 0.032400 0.797876 0.064800 0.398561
5 0.502333 0.813317 0.135925 0.372114
5 0.088397 0.727279 0.054132 0.269549
5 0.673197 0.765560 0.104621 0.376248
5 0.632219 0.833498 0.136429 0.331709
5 0.189949 0.714734 0.051667 0.224713
5 0.393000 0.828120 0.128141 0.328963
5 0.650978 0.768977 0.148496 0.392031
