0 0.501500 0.812500 0.081000 0.118976
0 0.404500 0.791416 0.033000 0.091867
0 0.092000 0.783886 0.056000 0.097892
0 0.542500 0.767319 0.073000 0.082831
1 0.281500 0.835843 0.027000 0.024096
1 0.511500 0.847892 0.023000 0.015060
2 0.581000 0.811747 0.042000 0.129518
4 0.218500 0.661145 0.195000 0.506024
5 0.865340 0.812197 0.053539 0.183575
5 0.553190 0.817610 0.043077 0.130685
5 0.615010 0.793603 0.022708 0.094663
5 0.421939 0.802694 0.038279 0.152529
5 0.453377 0.816142 0.037964 0.124912
5 0.594022 0.787068 0.021219 0.092765
5 0.007842 0.785019 0.015665 0.064596
5 0.037815 0.778910 0.014536 0.062832
5 0.591391 0.796543 0.025642 0.112508
5 0.040319 0.781001 0.016304 0.061594
