2 0.256536 0.656020 0.287582 0.348894
2 0.845588 0.648649 0.096405 0.122850
3 0.054739 0.606880 0.106209 0.113022
5 0.971226 0.685052 0.056818 0.317473
5 0.651301 0.648609 0.041771 0.201550
5 0.255151 0.633468 0.104779 0.303561
5 0.509054 0.644251 0.052212 0.165100
5 0.454213 0.613270 0.024697 0.111499
5 0.703114 0.640586 0.035505 0.175899
5 0.429786 0.612547 0.022744 0.098084
5 0.023259 0.609674 0.046184 0.142274
5 0.392879 0.619195 0.022764 0.098833
5 0.201162 0.628362 0.162844 0.299266
5 0.750563 0.637311 0.030605 0.127762
