0 0.643750 0.801852 0.235417 0.327778
0 0.525260 0.770833 0.146354 0.297222
0 0.391146 0.710185 0.075000 0.138889
2 0.812240 0.778704 0.076563 0.366667
2 0.867188 0.755093 0.057292 0.354630
2 0.064583 0.737037 0.034375 0.225926
4 0.169010 0.629630 0.178646 0.287037
5 0.625177 0.805951 0.131181 0.388097
5 0.171008 0.832851 0.124378 0.329772
5 0.307930 0.829240 0.136035 0.333285
5 0.020734 0.795647 0.041300 0.400797
5 0.974474 0.861068 0.050406 0.264493
5 0.258481 0.709590 0.068358 0.245240
5 0.061521 0.786845 0.028456 0.142697
5 0.818791 0.761158 0.090661 0.346792
