0 0.083497 0.901180 0.143418 0.162242
0 0.276031 0.879056 0.143418 0.159292
0 0.087426 0.786136 0.143418 0.168142
0 0.093320 0.691740 0.123772 0.079646
0 0.106090 0.650442 0.110020 0.156342
0 0.095285 0.575221 0.108055 0.135693
0 0.115914 0.488201 0.102161 0.162242
0 0.105108 0.382006 0.100196 0.132743
0 0.251473 0.688791 0.110020 0.185841
0 0.269155 0.603245 0.117878 0.162242
0 0.250491 0.523599 0.104126 0.132743
0 0.234774 0.395280 0.104126 0.135693
0 0.121807 0.287611 0.094303 0.120944
0 0.378193 0.530973 0.092338 0.165192
0 0.428291 0.837758 0.113949 0.200590
0 0.457760 0.634218 0.098232 0.176991
0 0.411591 0.449853 0.080550 0.144543
0 0.370334 0.384956 0.096267 0.126844
0 0.387033 0.323009 0.086444 0.109145
0 0.395874 0.233038 0.088409 0.147493
0 0.216110 0.174041 0.062868 0.076696
0 0.115914 0.160767 0.078585 0.079646
0 0.366405 0.160767 0.068762 0.097345
0 0.102161 0.094395 0.074656 0.094395
0 0.198428 0.134218 0.074656 0.103245
0 0.214145 0.082596 0.066798 0.088496
0 0.276031 0.041298 0.060904 0.076696
0 0.959725 0.610619 0.080550 0.194690
0 0.943026 0.541298 0.113949 0.185841
0 0.904715 0.460177 0.155206 0.176991
0 0.781925 0.358407 0.098232 0.138643
0 0.775049 0.280236 0.104126 0.112094
0 0.590373 0.073746 0.072692 0.088496
0 0.958743 0.353982 0.078585 0.117994
0 0.792731 0.165192 0.080550 0.082596
0 0.939096 0.202065 0.098232 0.144543
2 0.199411 0.949853 0.056974 0.100295
2 0.333988 0.756637 0.055010 0.162242
2 0.601179 0.939528 0.070727 0.120944
2 0.516699 0.588496 0.043222 0.144543
3 0.473477 0.929204 0.094303 0.141593
2 0.311395 0.169617 0.021611 0.079646
3 0.512770 0.761062 0.086444 0.206490
3 0.458743 0.485251 0.072692 0.138643
3 0.323183 0.284661 0.056974 0.132743
3 0.288802 0.221239 0.051081 0.117994
3 0.976424 0.233038 0.047151 0.112094
3 0.846758 0.144543 0.062868 0.082596
3 0.672888 0.060472 0.041257 0.085546
4 0.349705 0.058997 0.094303 0.112094
5 0.597365 0.938046 0.058804 0.119876
5 0.333211 0.755466 0.057968 0.149361
5 0.205365 0.948464 0.060879 0.093330
5 0.515615 0.588202 0.041415 0.142214
5 0.334165 0.732729 0.055022 0.105082
