0 0.431771 0.692130 0.123958 0.239815
2 0.088802 0.731019 0.045312 0.265741
2 0.170573 0.716667 0.027604 0.196296
2 0.208073 0.718519 0.041146 0.231481
4 0.086979 0.606481 0.122917 0.296296
4 0.318490 0.616204 0.190104 0.387963
5 0.681336 0.773067 0.138932 0.445205
5 0.030102 0.794043 0.060032 0.404377
5 0.375291 0.828349 0.163551 0.331499
5 0.087132 0.727135 0.052284 0.268870
5 0.507277 0.819983 0.138524 0.360033
5 0.202061 0.714213 0.042332 0.227154
5 0.535489 0.707924 0.064572 0.196251
5 0.519030 0.709471 0.096903 0.201234
5 0.172248 0.703776 0.036832 0.190393
