1 0.889706 0.450602 0.063725 0.019277
1 0.187908 0.473494 0.055556 0.021687
2 0.190359 0.436145 0.204248 0.621687
2 0.864379 0.473494 0.205882 0.691566
2 0.660948 0.302410 0.112745 0.330120
2 0.555556 0.307229 0.078431 0.325301
5 0.396409 0.512933 0.209445 0.900851
5 0.878959 0.408391 0.192678 0.551315
5 0.187789 0.416965 0.214543 0.607607
5 0.665301 0.297193 0.129708 0.317851
5 0.186846 0.246542 0.165758 0.254502
5 0.547170 0.233941 0.110260 0.182491
5 0.511752 0.206445 0.051789 0.116790
5 0.796164 0.320994 0.082031 0.355967
5 0.307623 0.239170 0.059997 0.196154
5 0.784763 0.281875 0.059149 0.199027
5 0.274581 0.243779 0.047823 0.205191
5 0.548854 0.307157 0.113729 0.321484
5 0.274251 0.192001 0.045076 0.099706
5 0.310223 0.197412 0.050817 0.110666
