0 0.660417 0.700926 0.356250 0.538889
0 0.912760 0.682407 0.174479 0.355556
0 0.364583 0.566667 0.119792 0.166667
0 0.289323 0.505556 0.063021 0.109259
0 0.437500 0.518981 0.063542 0.095370
1 0.647917 0.779167 0.052083 0.045370
1 0.366927 0.599074 0.020313 0.022222
5 0.956022 0.469902 0.033730 0.075697
5 0.013153 0.712623 0.025913 0.380982
5 0.834625 0.501687 0.024076 0.132918
5 0.060446 0.574707 0.053934 0.200408
5 0.853524 0.500827 0.022709 0.105163
5 0.928246 0.471188 0.031885 0.077303
5 0.988561 0.474279 0.021902 0.053594
5 0.147818 0.573570 0.048934 0.188460
