0 0.454918 0.604736 0.340164 0.335155
0 0.216701 0.436248 0.164959 0.402550
0 0.109631 0.259563 0.133197 0.355191
0 0.126537 0.110200 0.126025 0.198543
0 0.479508 0.364299 0.155738 0.178506
0 0.762295 0.530055 0.227459 0.331512
0 0.875000 0.853370 0.227459 0.293260
1 0.806352 0.639344 0.049180 0.025501
1 0.525102 0.944444 0.025615 0.023679
1 0.952357 0.605647 0.021516 0.020036
1 0.623463 0.334244 0.017418 0.012750
1 0.345287 0.612022 0.022541 0.029144
2 0.111168 0.845173 0.171107 0.273224
2 0.229508 0.705829 0.178279 0.296903
2 0.441598 0.708561 0.120902 0.313297
2 0.733607 0.682149 0.067623 0.329690
2 0.693648 0.813297 0.088115 0.278689
3 0.532275 0.825137 0.144467 0.349727
3 0.934939 0.559199 0.130123 0.367942
3 0.621926 0.297814 0.118852 0.289617
3 0.545082 0.160291 0.106557 0.265938
4 0.353484 0.204918 0.272541 0.398907
5 0.214806 0.933649 0.108762 0.132701
5 0.641435 0.688739 0.052041 0.225556
5 0.415580 0.685164 0.063072 0.193329
5 0.076195 0.864906 0.106771 0.243854
5 0.735550 0.683048 0.079239 0.334879
5 0.684976 0.815001 0.090310 0.284337
5 0.015236 0.615249 0.030190 0.107288
