0 0.270000 0.503367 0.331111 0.286195
0 0.105556 0.282828 0.206667 0.228956
2 0.266667 0.668350 0.120000 0.265993
2 0.593333 0.291246 0.106667 0.178451
2 0.071111 0.771044 0.133333 0.242424
2 0.706667 0.198653 0.057778 0.161616
2 0.375556 0.191919 0.093333 0.168350
2 0.455556 0.346801 0.071111 0.181818
3 0.670000 0.670034 0.282222 0.329966
3 0.898889 0.531987 0.197778 0.289562
6 0.815556 0.247475 0.235556 0.265993
5 0.419324 0.845557 0.068875 0.173496
5 0.513412 0.839313 0.063955 0.182846
5 0.034004 0.756975 0.067753 0.187549
5 0.272637 0.617765 0.071959 0.173283
5 0.702018 0.877308 0.060601 0.108011
5 0.600418 0.285434 0.036505 0.171467
5 0.710567 0.472345 0.035676 0.082078
5 0.116306 0.755340 0.053261 0.232238
5 0.238508 0.345142 0.071535 0.107921
5 0.017948 0.491803 0.035536 0.186367
5 0.551056 0.226949 0.037913 0.167117
5 0.459606 0.345229 0.035627 0.164433
5 0.083701 0.757512 0.057272 0.195338
5 0.376182 0.174874 0.048163 0.128490
5 0.790523 0.576891 0.045626 0.159528
5 0.367417 0.855359 0.143483 0.157137
5 0.362784 0.822231 0.049222 0.092250
5 0.524428 0.217449 0.031300 0.169195
5 0.712384 0.198492 0.059668 0.159988
