3 0.175835 0.305310 0.151277 0.209440
3 0.149312 0.128319 0.082515 0.150442
5 0.875103 0.818014 0.060707 0.227277
5 0.364851 0.828364 0.063698 0.195497
5 0.183917 0.633020 0.048877 0.181248
5 0.646580 0.760744 0.052037 0.206692
5 0.463362 0.330927 0.037148 0.157242
5 0.372441 0.859031 0.076503 0.257331
5 0.494893 0.210525 0.033918 0.154058
5 0.797835 0.918221 0.057075 0.160657
5 0.311495 0.399601 0.069413 0.192516
5 0.544189 0.391684 0.054392 0.081720
5 0.219650 0.341883 0.041596 0.167222
5 0.725846 0.919779 0.053106 0.158179
5 0.740266 0.406045 0.045112 0.106508
