0 0.265365 0.797222 0.161979 0.201852
0 0.475781 0.784259 0.065104 0.096296
0 0.689323 0.790278 0.046354 0.060185
1 0.237760 0.796759 0.039062 0.017593
4 0.935677 0.740278 0.053646 0.160185
6 0.655729 0.764352 0.048958 0.113889
5 0.968273 0.807378 0.062783 0.372073
5 0.080425 0.800118 0.021114 0.135431
5 0.370107 0.789327 0.018806 0.084130
5 0.021530 0.756164 0.027893 0.097626
5 0.044894 0.795991 0.025946 0.129960
5 0.153936 0.794383 0.027876 0.132989
5 0.394121 0.784704 0.020081 0.108435
5 0.130090 0.793743 0.023021 0.135422
5 0.084736 0.800154 0.027530 0.137961
5 0.427487 0.781506 0.013410 0.089368
5 0.420198 0.782678 0.012508 0.089303
5 0.118843 0.794057 0.022123 0.136121
5 0.410016 0.782309 0.015056 0.099173
