1 0.471875 0.739583 0.043750 0.041667
1 0.236719 0.548958 0.042188 0.031250
1 0.639844 0.621875 0.051562 0.047917
1 0.829688 0.588542 0.053125 0.022917
2 0.428906 0.673958 0.229687 0.652083
2 0.838281 0.560417 0.110937 0.375000
3 0.284375 0.570833 0.271875 0.487500
3 0.623437 0.623958 0.315625 0.581250
5 0.837616 0.514067 0.122918 0.302152
5 0.121142 0.510971 0.060447 0.293601
5 0.430938 0.523198 0.232645 0.338837
5 0.908264 0.476644 0.048141 0.160976
5 0.426732 0.599895 0.240023 0.483415
5 0.099203 0.406313 0.029220 0.055048
5 0.896621 0.476118 0.067335 0.161571
5 0.839526 0.454494 0.119664 0.186634
