2 0.663333 0.775532 0.140000 0.091489
2 0.786667 0.687234 0.133333 0.072340
2 0.158333 0.763830 0.163333 0.093617
2 0.850000 0.753191 0.186667 0.089362
3 0.320000 0.632979 0.160000 0.074468
3 0.493333 0.631915 0.133333 0.063830
3 0.591667 0.648936 0.176667 0.072340
6 0.365000 0.729787 0.283333 0.119149
5 0.961267 0.886607 0.077466 0.140240
5 0.568717 0.848328 0.070868 0.142059
5 0.833373 0.833995 0.090343 0.162615
5 0.665757 0.771345 0.065664 0.084165
5 0.838162 0.855901 0.082164 0.118120
5 0.144418 0.933981 0.065244 0.043813
5 0.648567 0.770957 0.096548 0.086053
5 0.016629 0.617985 0.029139 0.056574
