0 0.855990 0.597685 0.288021 0.302778
0 0.595833 0.541204 0.096875 0.102778
0 0.550260 0.522685 0.049479 0.084259
0 0.483594 0.510185 0.047396 0.070370
0 0.437760 0.518981 0.052604 0.069444
2 0.662500 0.537500 0.018750 0.049074
5 0.298449 0.729320 0.224529 0.525648
5 0.066661 0.678006 0.037548 0.166110
5 0.064904 0.553472 0.033099 0.164996
5 0.707674 0.505985 0.010751 0.056585
5 0.744335 0.500441 0.014234 0.057386
5 0.671031 0.519927 0.014621 0.089651
5 0.694593 0.505139 0.012276 0.062995
5 0.721875 0.506056 0.013133 0.059608
5 0.689908 0.506364 0.015327 0.065783
