0 0.272059 0.528256 0.387255 0.265356
2 0.646242 0.815725 0.436275 0.368550
2 0.398693 0.782555 0.323529 0.425061
2 0.392974 0.590909 0.207516 0.243243
2 0.929739 0.742015 0.140523 0.417690
5 0.382284 0.779686 0.157967 0.436088
5 0.799412 0.744874 0.142666 0.336006
5 0.713960 0.877570 0.291842 0.241572
5 0.507135 0.551971 0.081648 0.215658
5 0.123492 0.536705 0.144882 0.224243
5 0.021764 0.673480 0.043092 0.355406
5 0.091174 0.792697 0.180346 0.398163
5 0.599236 0.652566 0.139966 0.270654
5 0.974838 0.779719 0.049848 0.440563
5 0.782134 0.392413 0.017644 0.058958
5 0.635475 0.504567 0.066123 0.161287
5 0.636318 0.771821 0.222905 0.274727
5 0.207139 0.684055 0.129652 0.295866
5 0.220448 0.505199 0.069297 0.147505
