0 0.058559 0.596154 0.113514 0.128205
0 0.131532 0.429487 0.093694 0.121795
0 0.418919 0.339744 0.077477 0.128205
0 0.499099 0.362179 0.072072 0.121795
0 0.740541 0.581731 0.248649 0.195513
0 0.940541 0.508013 0.118919 0.169872
0 0.163964 0.714744 0.245045 0.205128
2 0.047748 0.863782 0.073874 0.157051
2 0.331532 0.852564 0.111712 0.179487
2 0.390991 0.717949 0.115315 0.166667
2 0.695495 0.897436 0.122523 0.153846
2 0.670270 0.796474 0.126126 0.157051
2 0.688288 0.677885 0.129730 0.131410
2 0.549550 0.586538 0.108108 0.121795
2 0.942342 0.884615 0.108108 0.173077
3 0.173874 0.878205 0.174775 0.224359
3 0.245045 0.580128 0.111712 0.134615
3 0.185586 0.503205 0.090090 0.134615
3 0.274775 0.519231 0.099099 0.134615
3 0.382883 0.600962 0.145946 0.176282
3 0.417117 0.520833 0.124324 0.144231
3 0.539640 0.391026 0.099099 0.102564
3 0.530631 0.705128 0.167568 0.192308
3 0.499099 0.825321 0.183784 0.214744
3 0.555856 0.524038 0.131532 0.157051
3 0.870270 0.786859 0.190991 0.253205
3 0.945946 0.636218 0.108108 0.201923
4 0.800901 0.358974 0.398198 0.339744
5 0.057180 0.859587 0.051706 0.149935
5 0.560223 0.945857 0.030510 0.104063
5 0.603160 0.944071 0.039717 0.109858
5 0.657670 0.791694 0.041934 0.143506
5 0.309964 0.844389 0.067497 0.171206
