0 0.686198 0.719444 0.347396 0.481481
0 0.477604 0.609722 0.150000 0.271296
0 0.369271 0.563889 0.072917 0.114815
0 0.325260 0.528241 0.054688 0.099074
5 0.990964 0.544401 0.017226 0.147206
5 0.911329 0.540798 0.028988 0.123881
5 0.102749 0.691667 0.056866 0.339024
5 0.951482 0.563524 0.027316 0.172095
5 0.930472 0.544213 0.017960 0.127267
5 0.144702 0.568290 0.041060 0.126888
5 0.104188 0.630532 0.055841 0.213473
5 0.907709 0.542579 0.018842 0.125532
5 0.916626 0.543164 0.024523 0.127412
5 0.973054 0.549125 0.019685 0.152117
5 0.920619 0.545050 0.016724 0.129581
