3 0.143462 0.484959 0.153077 0.140041
3 0.360769 0.560685 0.340000 0.250000
1 0.515769 0.682054 0.031538 0.048755
1 0.104615 0.522822 0.029231 0.016598
1 0.233077 0.634855 0.032308 0.020747
2 0.537692 0.636929 0.196923 0.433610
2 0.704231 0.526971 0.082308 0.209544
4 0.157308 0.398340 0.286923 0.221992
6 0.455000 0.364108 0.462308 0.402490
6 0.827692 0.447095 0.216923 0.130705
5 0.550899 0.635279 0.170668 0.430026
5 0.780862 0.697545 0.173894 0.368772
5 0.296852 0.568262 0.107779 0.354368
5 0.980048 0.494883 0.039303 0.168011
5 0.772558 0.472191 0.097194 0.148014
5 0.913729 0.484662 0.056920 0.141576
5 0.906914 0.652901 0.157587 0.384034
5 0.773865 0.511533 0.097934 0.224479
5 0.700631 0.522463 0.076342 0.213584
5 0.703781 0.466694 0.069800 0.101746
