1 0.733544 0.635250 0.023604 0.031500
1 0.681516 0.616750 0.029920 0.014500
1 0.402593 0.541750 0.015293 0.018500
1 0.126662 0.565500 0.022606 0.012000
1 0.851396 0.594250 0.021277 0.015500
2 0.264794 0.553500 0.098072 0.229000
2 0.153424 0.560250 0.116689 0.242500
2 0.745180 0.629750 0.113364 0.313500
2 0.703457 0.598500 0.085106 0.278000
2 0.858710 0.596750 0.076463 0.264500
3 0.551529 0.586750 0.222074 0.269500
3 0.448471 0.557750 0.134309 0.232500
4 0.636968 0.433250 0.268617 0.279500
6 0.375665 0.500750 0.173537 0.256500
5 0.160892 0.548657 0.088393 0.214180
5 0.278269 0.546748 0.058965 0.210673
5 0.974335 0.532524 0.050689 0.147413
5 0.748971 0.615764 0.095916 0.287048
5 0.861119 0.583913 0.078894 0.247505
5 0.602765 0.582001 0.053501 0.184035
5 0.788555 0.607634 0.059938 0.256424
5 0.590224 0.581217 0.078922 0.184719
5 0.778615 0.603305 0.045607 0.248569
5 0.699011 0.582524 0.061802 0.239471
5 0.363968 0.505844 0.027421 0.100973
5 0.936258 0.534911 0.040534 0.138461
5 0.699356 0.529186 0.061716 0.136169
5 0.861805 0.518259 0.071066 0.114158
5 0.792182 0.489808 0.041281 0.088758
