0 0.725521 0.706944 0.415625 0.586111
0 0.517448 0.625000 0.120313 0.285185
0 0.381771 0.562037 0.118750 0.179630
0 0.303906 0.499537 0.066146 0.104630
0 0.454427 0.517593 0.066146 0.100000
1 0.718490 0.817130 0.055729 0.052778
1 0.388281 0.597685 0.021354 0.019444
5 0.953267 0.511653 0.029413 0.151136
5 0.985629 0.510886 0.027843 0.150586
5 0.063633 0.667247 0.096088 0.387596
5 0.904354 0.509498 0.028535 0.145113
5 0.164389 0.569301 0.052466 0.181436
5 0.079660 0.565278 0.065564 0.187955
5 0.067843 0.607212 0.089283 0.270110
5 0.032839 0.615123 0.065166 0.359388
5 0.936821 0.538561 0.024464 0.090309
5 0.990725 0.512723 0.017839 0.146259
