1 0.605128 0.744643 0.112821 0.039286
0 0.632051 0.612500 0.371795 0.510714
5 0.935462 0.653692 0.128077 0.521332
5 0.050529 0.505550 0.100331 0.286660
5 0.870077 0.583978 0.083737 0.454134
5 0.172953 0.496230 0.046956 0.219094
5 0.346369 0.445796 0.055710 0.169332
5 0.402582 0.445509 0.037300 0.160121
5 0.234020 0.468920 0.036746 0.164662
5 0.277942 0.453898 0.043250 0.159896
5 0.482948 0.446763 0.040163 0.155659
5 0.446244 0.443289 0.030415 0.150660
5 0.127854 0.468801 0.050643 0.179847
5 0.811964 0.456266 0.042869 0.206693
