1 0.305000 0.888889 0.133333 0.057778
1 0.754583 0.948333 0.082500 0.078889
1 0.103333 0.588333 0.083333 0.038889
1 0.479167 0.651667 0.081667 0.041111
2 0.132500 0.550000 0.233333 0.744444
2 0.304583 0.622222 0.372500 0.755556
2 0.490417 0.610000 0.237500 0.724444
2 0.675000 0.682222 0.318333 0.635556
2 0.594583 0.492778 0.102500 0.474444
2 0.787083 0.467222 0.064167 0.310000
5 0.288037 0.622236 0.338550 0.747567
5 0.908208 0.675449 0.182246 0.639004
5 0.703727 0.683223 0.264739 0.632454
5 0.111947 0.467778 0.218523 0.591941
5 0.880891 0.512325 0.155184 0.319475
5 0.495207 0.551955 0.199612 0.579584
5 0.696887 0.394969 0.100252 0.234276
5 0.493283 0.443191 0.195193 0.353356
5 0.434158 0.352358 0.082369 0.197038
5 0.039163 0.233991 0.078033 0.177552
5 0.585756 0.334110 0.090463 0.157748
