0 0.236198 0.750463 0.155729 0.169444
0 0.391927 0.770833 0.185938 0.202778
0 0.613021 0.715741 0.076042 0.146296
1 0.208594 0.760648 0.039062 0.017593
1 0.359375 0.810185 0.041667 0.020370
1 0.729688 0.783333 0.033333 0.018519
4 0.744010 0.584722 0.185938 0.482407
4 0.911198 0.670370 0.056771 0.162963
6 0.352344 0.643056 0.132812 0.173148
5 0.962642 0.725276 0.057187 0.273403
5 0.134267 0.719283 0.029628 0.139989
5 0.038979 0.726477 0.032387 0.150613
5 0.108814 0.723044 0.027008 0.134299
5 0.009732 0.732101 0.019336 0.137764
5 0.156423 0.717976 0.022808 0.130097
5 0.070960 0.725382 0.033748 0.143053
5 0.520893 0.715251 0.015579 0.080601
5 0.526477 0.711964 0.022546 0.087461
5 0.690179 0.427984 0.048410 0.068941
5 0.678000 0.432479 0.024060 0.059335
