0 0.702692 0.477510 0.088462 0.233264
1 0.550769 0.530858 0.055385 0.017782
1 0.872692 0.520397 0.054615 0.019874
1 0.709231 0.528243 0.064615 0.020921
1 0.393846 0.509937 0.024615 0.021967
1 0.269231 0.539749 0.044615 0.014644
1 0.275000 0.508368 0.131538 0.391213
1 0.551538 0.513598 0.218462 0.397490
1 0.857692 0.507322 0.226154 0.393305
0 0.249615 0.463389 0.260769 0.378661
4 0.401538 0.359310 0.246154 0.417364
5 0.265731 0.491297 0.121897 0.365089
5 0.907428 0.396306 0.058591 0.093749
5 0.460457 0.299635 0.046297 0.071811
