0 0.436198 0.677778 0.068229 0.100000
0 0.529427 0.705093 0.126562 0.147222
0 0.656771 0.676852 0.075000 0.120370
1 0.514844 0.733333 0.030729 0.014815
1 0.759896 0.726852 0.027083 0.014815
2 0.273438 0.733796 0.103125 0.332407
4 0.770312 0.572222 0.145833 0.383333
4 0.894531 0.633796 0.058854 0.167593
6 0.203385 0.639352 0.097396 0.321296
5 0.944937 0.689100 0.058920 0.260148
5 0.281569 0.700108 0.093060 0.267869
5 0.989201 0.739608 0.021006 0.309013
5 0.378763 0.680852 0.015187 0.084038
5 0.397098 0.678462 0.017673 0.089678
5 0.366342 0.681352 0.016095 0.082104
5 0.370820 0.680343 0.020347 0.083161
5 0.357316 0.680928 0.011671 0.084363
5 0.347550 0.678075 0.017562 0.093424
5 0.363195 0.680551 0.014038 0.084143
