0 0.870915 0.879607 0.212418 0.240786
1 0.858660 0.880835 0.066993 0.027027
4 0.104575 0.683047 0.205882 0.432432
4 0.492647 0.727273 0.197712 0.314496
4 0.352124 0.710074 0.080065 0.117936
3 0.611111 0.772727 0.039216 0.081081
3 0.660948 0.766585 0.034314 0.073710
5 0.413616 0.831413 0.167192 0.327111
5 0.112887 0.794977 0.059705 0.222435
5 0.229187 0.800541 0.047576 0.190961
5 0.159780 0.803922 0.044525 0.194173
5 0.261011 0.792294 0.034106 0.158213
5 0.245459 0.198538 0.093670 0.223192
5 0.026725 0.812960 0.053363 0.189167
5 0.703704 0.831477 0.030204 0.129155
5 0.283578 0.797143 0.027163 0.118570
5 0.337957 0.784420 0.023730 0.088383
5 0.764542 0.799793 0.027177 0.099655
5 0.976979 0.832261 0.037923 0.133077
5 0.975582 0.819662 0.031436 0.110358
5 0.304851 0.792094 0.023744 0.110545
5 0.057516 0.818262 0.036500 0.163862
