0 0.050654 0.457108 0.098039 0.085784
0 0.230392 0.492647 0.111111 0.093137
0 0.252451 0.393382 0.122549 0.085784
0 0.437092 0.397059 0.099673 0.083333
0 0.477124 0.561275 0.124183 0.098039
0 0.760621 0.636029 0.142157 0.120098
0 0.827614 0.410539 0.106209 0.085784
2 0.949346 0.703431 0.078431 0.078431
2 0.707516 0.664216 0.071895 0.083333
2 0.386438 0.611520 0.057190 0.080882
2 0.124183 0.533088 0.055556 0.071078
2 0.845588 0.498775 0.060458 0.071078
3 0.452614 0.698529 0.107843 0.122549
3 0.660948 0.408088 0.076797 0.085784
3 0.303922 0.354167 0.075163 0.071078
5 0.465770 0.815869 0.019634 0.093462
5 0.538218 0.925238 0.031139 0.104502
5 0.754857 0.864587 0.030737 0.083156
5 0.763364 0.758874 0.032025 0.085555
5 0.227703 0.790359 0.032746 0.089402
5 0.726688 0.874368 0.033304 0.104800
5 0.539747 0.356647 0.021787 0.058255
5 0.844160 0.833694 0.038340 0.089884
5 0.672261 0.737346 0.037278 0.085204
5 0.799322 0.778412 0.021249 0.081587
5 0.392069 0.711941 0.025307 0.074077
5 0.081825 0.785717 0.037022 0.047680
5 0.321386 0.787015 0.034929 0.094616
5 0.898910 0.845025 0.028428 0.078063
