0 0.727344 0.809722 0.209896 0.330556
0 0.473958 0.718056 0.063542 0.163889
2 0.864844 0.793981 0.079687 0.412037
2 0.070573 0.737500 0.032813 0.232407
4 0.200521 0.621759 0.178125 0.304630
5 0.590286 0.808680 0.111058 0.382641
5 0.929459 0.776899 0.140952 0.433196
5 0.339095 0.818980 0.158277 0.352690
5 0.186374 0.830424 0.112611 0.335937
5 0.859377 0.790599 0.106419 0.404377
5 0.018710 0.795648 0.037142 0.405697
5 0.242350 0.707070 0.058202 0.231773
5 0.146721 0.699811 0.041700 0.156924
5 0.862440 0.674379 0.096404 0.170338
