0 0.789323 0.826389 0.240104 0.347222
4 0.502604 0.721296 0.082292 0.161111
2 0.426042 0.702778 0.037500 0.183333
2 0.075781 0.736111 0.040104 0.238889
2 0.125260 0.718519 0.033854 0.185185
4 0.229167 0.635185 0.168750 0.300000
5 0.198485 0.846537 0.131328 0.301593
5 0.365758 0.825848 0.137014 0.345734
5 0.578742 0.807838 0.122757 0.379557
5 0.907759 0.764323 0.170142 0.461113
5 0.017796 0.798343 0.035315 0.399567
5 0.237957 0.685096 0.049661 0.203147
5 0.125716 0.723692 0.043182 0.192365
5 0.076865 0.728910 0.047273 0.233913
