0 0.116927 0.854630 0.232813 0.290741
0 0.428125 0.773611 0.106250 0.121296
0 0.518490 0.762037 0.075521 0.172222
1 0.654948 0.861111 0.047396 0.022222
1 0.410677 0.780556 0.026562 0.011111
1 0.527083 0.801389 0.028125 0.012037
4 0.909375 0.711111 0.060417 0.162963
4 0.677083 0.594907 0.257292 0.643519
5 0.963060 0.778259 0.063626 0.284992
5 0.296076 0.758497 0.020731 0.100547
5 0.239316 0.763012 0.019365 0.098092
5 0.343357 0.756641 0.019348 0.099286
5 0.316832 0.753313 0.019754 0.107610
5 0.302947 0.756874 0.015048 0.103955
5 0.272122 0.757384 0.020419 0.105226
5 0.363394 0.756240 0.017729 0.096065
5 0.257682 0.775010 0.016433 0.068297
5 0.313132 0.753673 0.018160 0.109266
