0 0.865885 0.812963 0.266146 0.374074
0 0.617448 0.682407 0.269271 0.392593
0 0.789323 0.612037 0.111979 0.233333
0 0.463281 0.588889 0.125521 0.227778
0 0.376042 0.557870 0.065625 0.104630
0 0.334896 0.526852 0.053125 0.085185
5 0.883030 0.538039 0.027087 0.127884
5 0.130888 0.692297 0.061669 0.305085
5 0.861999 0.535184 0.016255 0.113658
5 0.962568 0.519204 0.028270 0.094181
5 0.918262 0.549374 0.036768 0.150831
5 0.843519 0.537023 0.026085 0.114507
5 0.063892 0.647537 0.041458 0.309768
5 0.222918 0.570407 0.037679 0.118987
5 0.944361 0.529432 0.018037 0.128861
5 0.940218 0.529455 0.020625 0.122097
