0 0.131510 0.804167 0.157812 0.195370
0 0.351302 0.787500 0.130729 0.171296
0 0.504687 0.792130 0.090625 0.126852
0 0.723177 0.792593 0.036979 0.046296
1 0.097656 0.803704 0.033854 0.014815
1 0.330990 0.792130 0.032813 0.013889
1 0.490885 0.787037 0.024479 0.012963
4 0.932813 0.744444 0.056250 0.170370
6 0.671094 0.777778 0.046354 0.098148
5 0.966411 0.811740 0.066426 0.376519
5 0.240071 0.792610 0.025617 0.115512
5 0.049389 0.788464 0.028006 0.163404
5 0.255580 0.786839 0.016469 0.112663
5 0.006680 0.810345 0.013359 0.139331
5 0.221294 0.790499 0.018307 0.112238
5 0.259741 0.788018 0.019431 0.111562
5 0.014996 0.804727 0.026781 0.144614
5 0.027655 0.800434 0.021653 0.133123
5 0.279938 0.790617 0.019077 0.098862
5 0.268809 0.788526 0.022316 0.105198
