1 0.154375 0.637097 0.051250 0.048387
1 0.370625 0.603687 0.046250 0.041475
1 0.238125 0.404378 0.041250 0.039171
1 0.486250 0.467742 0.037500 0.041475
1 0.585000 0.782258 0.045000 0.039171
1 0.795625 0.748848 0.041250 0.046083
1 0.929375 0.556452 0.041250 0.029954
1 0.766875 0.381336 0.028750 0.043779
1 0.640000 0.355991 0.045000 0.048387
2 0.163125 0.488479 0.136250 0.502304
2 0.243750 0.263825 0.112500 0.481567
2 0.368750 0.452765 0.115000 0.490783
2 0.494375 0.314516 0.116250 0.458525
2 0.568125 0.649770 0.123750 0.479263
2 0.622500 0.231567 0.115000 0.453917
2 0.761875 0.215438 0.108750 0.426267
2 0.791875 0.581797 0.131250 0.509217
2 0.918750 0.418203 0.107500 0.449309
5 0.370541 0.412901 0.127450 0.416057
5 0.567284 0.605126 0.122723 0.416867
5 0.910107 0.393965 0.116462 0.395676
5 0.485046 0.269984 0.107395 0.374446
5 0.241452 0.181706 0.111249 0.321384
5 0.758474 0.192078 0.120101 0.374571
5 0.158653 0.448362 0.129395 0.435022
5 0.623354 0.200725 0.110493 0.394284
5 0.776761 0.538028 0.138357 0.419829
5 0.787400 0.471397 0.117437 0.286256
5 0.622535 0.139580 0.110045 0.275068
5 0.764578 0.134985 0.104586 0.263383
