0 0.261719 0.812500 0.251563 0.260185
0 0.571354 0.736574 0.075000 0.156481
0 0.381250 0.753704 0.071875 0.144444
1 0.213281 0.865278 0.055729 0.025000
1 0.697917 0.819907 0.038542 0.017593
1 0.576302 0.770833 0.027604 0.013889
4 0.912500 0.685648 0.059375 0.160185
4 0.716406 0.587963 0.218229 0.551852
6 0.421094 0.700463 0.129688 0.210185
5 0.962572 0.748001 0.058625 0.276911
5 0.055707 0.743270 0.036317 0.151388
5 0.019171 0.750497 0.035133 0.146355
5 0.110498 0.743412 0.023229 0.135334
5 0.145563 0.740336 0.028414 0.133386
5 0.090016 0.744635 0.023196 0.136122
5 0.084592 0.743827 0.030461 0.129452
