0 0.700781 0.806019 0.188021 0.325000
0 0.554948 0.780093 0.172396 0.310185
2 0.838542 0.793519 0.070833 0.412963
2 0.064062 0.740741 0.038542 0.220370
4 0.179948 0.634259 0.163021 0.259259
5 0.601073 0.812700 0.121662 0.374600
5 0.175882 0.851814 0.124787 0.294257
5 0.325027 0.817717 0.109047 0.364565
5 0.252371 0.725775 0.067083 0.278523
5 0.156378 0.702955 0.044668 0.165690
5 0.909751 0.782211 0.069007 0.342436
5 0.019355 0.796831 0.038440 0.403866
5 0.064899 0.741075 0.036508 0.221116
5 0.972145 0.761607 0.055120 0.466052
5 0.834506 0.784943 0.083669 0.366517
