1 0.510621 0.658924 0.076797 0.026895
1 0.336601 0.628362 0.039216 0.034230
2 0.529412 0.629584 0.202614 0.691932
2 0.369281 0.535452 0.163399 0.513447
5 0.534108 0.567474 0.221720 0.567273
5 0.233342 0.529356 0.077406 0.437498
5 0.880598 0.545175 0.093170 0.287400
5 0.719754 0.459299 0.066705 0.358635
5 0.779368 0.393595 0.077796 0.190323
5 0.129215 0.431309 0.099135 0.226553
5 0.342439 0.527553 0.145561 0.501917
5 0.128239 0.526100 0.098465 0.417439
5 0.038398 0.506932 0.075758 0.394360
5 0.455794 0.384600 0.046960 0.166427
5 0.644593 0.397212 0.095529 0.203987
5 0.416714 0.391395 0.061511 0.189251
