0 0.391602 0.794118 0.277344 0.347059
0 0.313477 0.674265 0.179688 0.204412
0 0.471680 0.637500 0.175781 0.183824
0 0.687500 0.700000 0.244141 0.164706
0 0.692871 0.872059 0.416992 0.255882
0 0.892578 0.785294 0.214844 0.426471
0 0.831543 0.595588 0.239258 0.132353
0 0.196289 0.509559 0.089844 0.098529
2 0.191895 0.641176 0.055664 0.241176
2 0.513184 0.656618 0.067383 0.195588
2 0.594727 0.594853 0.050781 0.145588
3 0.516113 0.573529 0.088867 0.123529
6 0.473145 0.450000 0.098633 0.102941
4 0.886230 0.508824 0.227539 0.264706
5 0.440899 0.884123 0.118472 0.230117
5 0.548030 0.886301 0.181837 0.227398
5 0.519265 0.650306 0.086234 0.192451
5 0.659122 0.676068 0.104929 0.141058
5 0.183798 0.630070 0.069681 0.222483
5 0.164564 0.549650 0.038719 0.092024
5 0.596034 0.589435 0.056115 0.131414
5 0.244108 0.574021 0.056524 0.115604
5 0.516753 0.620608 0.081824 0.135983
