0 0.473992 0.838863 0.198960 0.322275
1 0.467490 0.834123 0.055917 0.028436
1 0.872562 0.889810 0.054616 0.021327
2 0.886866 0.819905 0.122237 0.360190
2 0.802991 0.804502 0.035111 0.092417
2 0.661248 0.806872 0.014304 0.059242
2 0.365410 0.853081 0.028609 0.127962
5 0.966443 0.763015 0.066824 0.473970
5 0.024699 0.892831 0.040948 0.214337
5 0.881518 0.820558 0.120534 0.356851
5 0.660752 0.809417 0.014420 0.057252
5 0.877282 0.745654 0.111393 0.205491
5 0.716017 0.805307 0.016246 0.060493
5 0.087704 0.880860 0.027110 0.073896
