0 0.500000 0.711604 0.169811 0.279863
1 0.496698 0.690273 0.050000 0.025597
1 0.073113 0.921502 0.040566 0.044369
2 0.125000 0.770478 0.153774 0.459044
2 0.400472 0.708191 0.034906 0.129693
2 0.883962 0.676621 0.052830 0.148464
2 0.980660 0.669795 0.038679 0.141638
5 0.128947 0.766259 0.143213 0.450583
5 0.818676 0.675067 0.014869 0.081875
5 0.805133 0.674778 0.014568 0.082105
5 0.814124 0.674896 0.022735 0.082439
5 0.877042 0.677286 0.030317 0.133784
5 0.875862 0.653925 0.029104 0.091040
5 0.875818 0.637264 0.026642 0.058489
