0 0.321875 0.849074 0.131250 0.212963
0 0.442188 0.814815 0.138542 0.222222
0 0.511458 0.961111 0.166667 0.077778
0 0.635417 0.626852 0.100000 0.124074
0 0.298958 0.465741 0.129167 0.090741
0 0.583333 0.341667 0.075000 0.068519
0 0.514583 0.317593 0.039583 0.050000
0 0.502083 0.290741 0.025000 0.040741
0 0.459375 0.257407 0.020833 0.040741
0 0.506771 0.251852 0.023958 0.033333
0 0.494792 0.213889 0.012500 0.024074
0 0.467708 0.231481 0.016667 0.029630
1 0.071354 0.942593 0.013542 0.014815
1 0.300000 0.900000 0.020833 0.022222
1 0.432812 0.895370 0.036458 0.020370
1 0.607812 0.761111 0.015625 0.018519
1 0.757292 0.950000 0.016667 0.018519
1 0.647396 0.648148 0.028125 0.011111
2 0.077604 0.896296 0.034375 0.207407
2 0.367708 0.638889 0.052083 0.148148
2 0.264583 0.660185 0.050000 0.146296
2 0.595833 0.529630 0.025000 0.111111
2 0.611979 0.506481 0.042708 0.109259
2 0.714063 0.602778 0.044792 0.120370
2 0.438021 0.291667 0.013542 0.046296
2 0.471354 0.275000 0.015625 0.050000
3 0.216667 0.764815 0.100000 0.196296
3 0.583333 0.707407 0.077083 0.207407
3 0.658854 0.905556 0.128125 0.188889
3 0.646875 0.451852 0.075000 0.100000
3 0.683854 0.478704 0.082292 0.098148
6 0.173958 0.875000 0.152083 0.250000
6 0.744271 0.824074 0.148958 0.333333
5 0.165595 0.681841 0.032135 0.092879
5 0.362428 0.604368 0.028192 0.087874
5 0.249386 0.628137 0.033637 0.076674
5 0.143369 0.730108 0.049441 0.091903
5 0.083046 0.886782 0.032829 0.191641
5 0.016225 0.936002 0.032188 0.127996
5 0.083848 0.850552 0.030091 0.115689
