0 0.285938 0.718519 0.134375 0.248148
0 0.654687 0.877778 0.196875 0.244444
0 0.643750 0.675000 0.141667 0.194444
0 0.828125 0.824074 0.160417 0.244444
0 0.175000 0.320370 0.114583 0.103704
0 0.540104 0.336111 0.144792 0.105556
0 0.168750 0.179630 0.070833 0.062963
0 0.330208 0.144444 0.035417 0.044444
0 0.344271 0.171296 0.057292 0.057407
0 0.405208 0.187963 0.029167 0.053704
0 0.420312 0.170370 0.034375 0.048148
0 0.525000 0.229630 0.077083 0.066667
0 0.535417 0.204630 0.068750 0.050000
0 0.654167 0.236111 0.077083 0.057407
0 0.539583 0.151852 0.027083 0.040741
0 0.517188 0.133333 0.017708 0.029630
1 0.682813 0.955556 0.051042 0.025926
1 0.654687 0.731481 0.038542 0.022222
1 0.464583 0.887963 0.025000 0.027778
1 0.279687 0.750926 0.040625 0.020370
1 0.132292 0.679630 0.014583 0.014815
2 0.144792 0.637037 0.060417 0.200000
2 0.557292 0.470370 0.037500 0.144444
2 0.552083 0.687963 0.031250 0.205556
2 0.732812 0.630556 0.057292 0.175926
6 0.467708 0.755556 0.137500 0.385185
6 0.458333 0.197222 0.039583 0.098148
5 0.346048 0.913097 0.058768 0.168810
5 0.140476 0.621510 0.051682 0.160779
5 0.556056 0.463130 0.034358 0.123972
5 0.550373 0.681887 0.035315 0.182460
5 0.447589 0.529951 0.035214 0.073726
5 0.733734 0.627497 0.051247 0.164959
5 0.816601 0.559213 0.035753 0.154698
5 0.108450 0.410778 0.028465 0.095580
5 0.113206 0.413448 0.038428 0.106870
