0 0.319271 0.852778 0.134375 0.209259
0 0.443229 0.811111 0.138542 0.225926
0 0.507812 0.960185 0.167708 0.079630
0 0.395833 0.460185 0.118750 0.087037
0 0.430729 0.428704 0.092708 0.105556
0 0.632292 0.630556 0.097917 0.150000
0 0.506250 0.300000 0.037500 0.048148
0 0.487500 0.281481 0.029167 0.044444
0 0.498958 0.260185 0.018750 0.031481
0 0.460938 0.239815 0.017708 0.035185
0 0.504167 0.232407 0.016667 0.035185
1 0.070833 0.943519 0.016667 0.024074
1 0.309375 0.899074 0.037500 0.020370
1 0.432812 0.896296 0.034375 0.018519
1 0.646354 0.644444 0.030208 0.018519
1 0.756771 0.952778 0.013542 0.012963
2 0.079687 0.892593 0.038542 0.207407
1 0.259375 0.664815 0.050000 0.148148
1 0.365104 0.637037 0.053125 0.162963
1 0.608333 0.504630 0.045833 0.101852
1 0.716146 0.504630 0.038542 0.090741
1 0.442188 0.262037 0.007292 0.035185
1 0.468750 0.263889 0.008333 0.035185
3 0.214062 0.755556 0.101042 0.185185
3 0.582292 0.693519 0.075000 0.205556
3 0.659896 0.907407 0.128125 0.185185
3 0.294792 0.479630 0.087500 0.107407
4 0.716667 0.411111 0.231250 0.214815
6 0.168750 0.875926 0.147917 0.248148
6 0.744271 0.825000 0.144792 0.331481
5 0.362340 0.603920 0.028715 0.087462
5 0.164091 0.681745 0.034489 0.092397
5 0.250938 0.628993 0.032239 0.076672
5 0.142491 0.730571 0.047487 0.091453
5 0.082707 0.882424 0.033110 0.183317
5 0.083822 0.851734 0.030191 0.119752
