0 0.286458 0.720370 0.141667 0.251852
0 0.644271 0.672222 0.140625 0.185185
0 0.829167 0.832407 0.147917 0.264815
0 0.654687 0.878704 0.198958 0.242593
0 0.168750 0.180556 0.072917 0.061111
0 0.328646 0.150926 0.038542 0.057407
0 0.405729 0.191667 0.040625 0.053704
0 0.447917 0.203704 0.062500 0.062963
0 0.498958 0.236111 0.085417 0.064815
0 0.594792 0.220370 0.070833 0.059259
0 0.642708 0.335185 0.095833 0.103704
1 0.682813 0.957407 0.048958 0.022222
1 0.654167 0.733333 0.039583 0.018519
1 0.280208 0.749074 0.041667 0.016667
1 0.464583 0.889815 0.025000 0.031481
2 0.169271 0.592593 0.059375 0.181481
2 0.552083 0.684259 0.035417 0.190741
2 0.741667 0.635185 0.041667 0.181481
2 0.702083 0.556481 0.045833 0.157407
2 0.958854 0.913889 0.082292 0.131481
2 0.608333 0.400000 0.027083 0.118519
2 0.602604 0.241667 0.032292 0.061111
3 0.536979 0.208333 0.040625 0.057407
3 0.477083 0.166667 0.025000 0.037037
6 0.467708 0.755556 0.137500 0.381481
6 0.441146 0.151852 0.034375 0.059259
5 0.167610 0.572689 0.051144 0.143666
5 0.550674 0.681882 0.034739 0.180681
5 0.706276 0.553004 0.054659 0.160217
5 0.736492 0.626658 0.053327 0.167069
5 0.736030 0.598043 0.051320 0.108898
5 0.106227 0.407696 0.022243 0.095606
5 0.610884 0.402391 0.029532 0.111716
5 0.707186 0.530346 0.052197 0.115210
5 0.738363 0.833285 0.036382 0.188471
