0 0.333854 0.788889 0.123958 0.311111
0 0.499479 0.765741 0.130208 0.264815
0 0.611979 0.546296 0.117708 0.155556
0 0.476042 0.185185 0.039583 0.055556
0 0.365625 0.134259 0.025000 0.042593
0 0.538542 0.193519 0.052083 0.053704
1 0.336979 0.849074 0.044792 0.016667
2 0.336458 0.499074 0.037500 0.146296
2 0.403125 0.521296 0.037500 0.146296
2 0.456250 0.492593 0.039583 0.148148
2 0.506771 0.502778 0.046875 0.153704
2 0.501042 0.206481 0.022917 0.050000
3 0.486458 0.877778 0.118750 0.240741
3 0.163542 0.813889 0.110417 0.301852
3 0.754167 0.643519 0.095833 0.231481
3 0.380208 0.175000 0.020833 0.046296
3 0.775521 0.260185 0.038542 0.079630
6 0.909375 0.272222 0.179167 0.166667
6 0.927083 0.143519 0.052083 0.090741
6 0.431771 0.183333 0.055208 0.085185
5 0.172117 0.598306 0.049978 0.137967
5 0.057461 0.605427 0.028552 0.167814
5 0.404100 0.495743 0.039953 0.098936
5 0.454928 0.483063 0.041853 0.125773
5 0.652269 0.612809 0.036759 0.189335
5 0.335177 0.494601 0.037337 0.112715
5 0.504383 0.497350 0.041785 0.136501
5 0.073384 0.518499 0.026843 0.103796
5 0.404004 0.474768 0.039512 0.058645
