0 0.318750 0.850000 0.133333 0.214815
0 0.443750 0.812963 0.129167 0.233333
0 0.511458 0.962963 0.158333 0.074074
0 0.636979 0.632407 0.109375 0.150000
0 0.338542 0.461111 0.131250 0.092593
0 0.601042 0.346296 0.085417 0.066667
0 0.520833 0.322222 0.041667 0.048148
0 0.459375 0.257407 0.018750 0.044444
0 0.506771 0.255556 0.021875 0.040741
0 0.503646 0.293519 0.028125 0.038889
0 0.461458 0.200926 0.014583 0.027778
0 0.466667 0.237963 0.020833 0.027778
1 0.309375 0.898148 0.043750 0.025926
1 0.070833 0.943519 0.014583 0.020370
1 0.432292 0.897222 0.037500 0.020370
1 0.606771 0.757407 0.011458 0.018519
1 0.648438 0.650000 0.023958 0.014815
1 0.757292 0.952778 0.016667 0.024074
2 0.076563 0.887963 0.040625 0.205556
2 0.259896 0.660185 0.055208 0.138889
2 0.366667 0.637037 0.054167 0.162963
2 0.601562 0.525926 0.030208 0.103704
2 0.717708 0.599074 0.033333 0.127778
2 0.438542 0.290741 0.010417 0.048148
2 0.473958 0.281481 0.012500 0.037037
3 0.215104 0.756481 0.090625 0.187037
3 0.580729 0.700926 0.076042 0.205556
3 0.658333 0.909259 0.122917 0.181481
3 0.684375 0.453704 0.077083 0.085185
3 0.718750 0.475926 0.079167 0.100000
6 0.176563 0.875000 0.151042 0.250000
6 0.742188 0.825000 0.153125 0.335185
5 0.362453 0.604140 0.028165 0.086327
5 0.249349 0.629557 0.033391 0.073648
5 0.165525 0.681954 0.032171 0.093601
5 0.143078 0.730617 0.049455 0.092672
5 0.082941 0.879229 0.033112 0.177084
