0 0.546875 0.685185 0.135417 0.248148
0 0.511979 0.878704 0.165625 0.242593
0 0.632292 0.463889 0.100000 0.164815
0 0.741146 0.609259 0.128125 0.222222
0 0.797396 0.850926 0.215625 0.298148
0 0.051042 0.196296 0.054167 0.077778
0 0.028125 0.160185 0.054167 0.072222
0 0.460417 0.049074 0.018750 0.027778
1 0.211979 0.663889 0.015625 0.020370
1 0.113542 0.949074 0.016667 0.016667
1 0.375521 0.751852 0.013542 0.018519
1 0.516146 0.959259 0.053125 0.029630
1 0.555208 0.727778 0.037500 0.018519
1 0.627604 0.485185 0.030208 0.018519
1 0.760938 0.678704 0.036458 0.020370
1 0.820312 0.918519 0.048958 0.025926
2 0.226042 0.633333 0.060417 0.218519
2 0.782292 0.337037 0.047917 0.125926
3 0.077083 0.845370 0.141667 0.309259
3 0.344271 0.686111 0.111458 0.257407
3 0.892708 0.158333 0.045833 0.083333
5 0.224586 0.614440 0.056074 0.161756
5 0.979304 0.275843 0.030867 0.068091
5 0.786277 0.317631 0.029430 0.079317
5 0.243231 0.627464 0.020481 0.126067
