0 0.450521 0.495370 0.130208 0.187037
0 0.344792 0.353704 0.125000 0.159259
0 0.469792 0.347222 0.139583 0.153704
0 0.584375 0.424074 0.091667 0.162963
0 0.482812 0.781481 0.176042 0.285185
0 0.608333 0.152778 0.116667 0.090741
0 0.653646 0.100926 0.040625 0.083333
0 0.951562 0.134259 0.065625 0.087037
1 0.322917 0.358333 0.031250 0.016667
1 0.446354 0.512037 0.028125 0.020370
1 0.591667 0.462037 0.033333 0.024074
1 0.480729 0.827778 0.055208 0.033333
2 0.871354 0.352778 0.038542 0.161111
3 0.320833 0.245370 0.110417 0.131481
5 0.249589 0.372476 0.037745 0.157448
5 0.603081 0.306902 0.055071 0.105115
