0 0.338542 0.787963 0.127083 0.320370
0 0.496354 0.765741 0.123958 0.261111
0 0.611458 0.549074 0.112500 0.161111
0 0.483333 0.186111 0.041667 0.050000
0 0.546875 0.195370 0.052083 0.050000
0 0.661458 0.215741 0.045833 0.050000
0 0.878646 0.176852 0.032292 0.046296
1 0.333333 0.846296 0.043750 0.018519
2 0.333333 0.505556 0.039583 0.151852
2 0.401562 0.525926 0.040625 0.159259
2 0.455208 0.500926 0.037500 0.153704
2 0.505729 0.499074 0.042708 0.142593
2 0.514062 0.206481 0.015625 0.050000
3 0.156771 0.843519 0.123958 0.309259
3 0.484375 0.883333 0.116667 0.233333
3 0.753646 0.637963 0.098958 0.224074
3 0.381250 0.175000 0.018750 0.053704
3 0.796875 0.269444 0.054167 0.087037
6 0.922396 0.275926 0.155208 0.170370
6 0.436458 0.184259 0.045833 0.079630
6 0.930729 0.150926 0.046875 0.098148
5 0.074253 0.605072 0.057504 0.172544
5 0.652159 0.614868 0.036894 0.187561
5 0.334662 0.491939 0.037751 0.120443
5 0.164922 0.616845 0.052745 0.141230
5 0.402618 0.502470 0.043797 0.105887
5 0.454593 0.483849 0.039295 0.117587
5 0.504387 0.498137 0.042374 0.137527
5 0.680063 0.645799 0.038235 0.177109
