0 0.579167 0.526852 0.127083 0.175926
0 0.770312 0.895370 0.205208 0.209259
0 0.591667 0.226852 0.127083 0.090741
0 0.647396 0.215741 0.088542 0.079630
0 0.805729 0.223148 0.121875 0.101852
0 0.789583 0.174074 0.129167 0.081481
0 0.939583 0.194444 0.118750 0.085185
0 0.695833 0.045370 0.033333 0.046296
0 0.749479 0.047222 0.046875 0.038889
1 0.561979 0.549074 0.032292 0.016667
1 0.624479 0.736111 0.015625 0.020370
2 0.637500 0.671296 0.054167 0.220370
3 0.590625 0.065741 0.020833 0.053704
3 0.607292 0.067593 0.018750 0.042593
3 0.619792 0.059259 0.020833 0.048148
5 0.637460 0.642187 0.053475 0.166139
5 0.225515 0.548861 0.032357 0.139109
