0 0.394792 0.838889 0.156250 0.281481
0 0.144792 0.222222 0.056250 0.081481
1 0.397917 0.910185 0.045833 0.020370
1 0.214062 0.660185 0.013542 0.012963
2 0.170833 0.371296 0.031250 0.116667
2 0.214062 0.328704 0.067708 0.112963
2 0.583333 0.336111 0.060417 0.101852
2 0.432812 0.151852 0.015625 0.048148
2 0.568750 0.209259 0.025000 0.048148
2 0.582812 0.213889 0.028125 0.061111
2 0.608333 0.210185 0.033333 0.057407
2 0.662500 0.261111 0.043750 0.081481
3 0.185417 0.602778 0.085417 0.227778
3 0.473438 0.178704 0.026042 0.061111
4 0.197396 0.135185 0.159375 0.111111
5 0.736464 0.525718 0.024786 0.149089
5 0.173887 0.359636 0.028983 0.105340
5 0.215702 0.322149 0.029902 0.104052
5 0.220074 0.325314 0.043898 0.110533
5 0.723182 0.437569 0.018357 0.109822
5 0.750027 0.425400 0.021657 0.109057
