0 0.402083 0.894444 0.170833 0.211111
1 0.213542 0.669444 0.016667 0.016667
2 0.176042 0.386111 0.035417 0.120370
2 0.318229 0.336111 0.073958 0.116667
2 0.394271 0.162963 0.017708 0.051852
3 0.186979 0.611111 0.084375 0.233333
3 0.485417 0.189815 0.029167 0.064815
4 0.169271 0.129630 0.103125 0.114815
5 0.736932 0.524677 0.026079 0.152215
5 0.322274 0.321969 0.028972 0.089330
5 0.175269 0.379047 0.030808 0.108300
5 0.392669 0.162540 0.015455 0.048936
5 0.709920 0.436804 0.021907 0.103054
5 0.748326 0.432260 0.020138 0.099335
5 0.764702 0.435879 0.019742 0.111528
5 0.751485 0.437301 0.025330 0.111281
