0 0.242188 0.792593 0.209375 0.277778
0 0.402083 0.863889 0.204167 0.272222
0 0.656771 0.815741 0.176042 0.294444
0 0.884375 0.907407 0.214583 0.185185
0 0.853125 0.717593 0.158333 0.220370
0 0.698438 0.632407 0.132292 0.220370
0 0.457813 0.657407 0.126042 0.196296
0 0.340104 0.604630 0.171875 0.220370
0 0.702604 0.192593 0.111458 0.070370
0 0.898958 0.272222 0.202083 0.133333
0 0.692187 0.088889 0.030208 0.055556
1 0.373437 0.962963 0.046875 0.025926
1 0.641146 0.872222 0.048958 0.022222
1 0.864583 0.782407 0.047917 0.024074
1 0.302083 0.630556 0.035417 0.012963
1 0.554688 0.737963 0.017708 0.020370
2 0.225000 0.891667 0.083333 0.216667
2 0.563542 0.693519 0.066667 0.231481
2 0.585938 0.600926 0.059375 0.201852
2 0.808854 0.505556 0.051042 0.177778
2 0.786979 0.453704 0.036458 0.151852
2 0.660417 0.235185 0.050000 0.088889
3 0.610938 0.063889 0.019792 0.046296
3 0.619271 0.056481 0.019792 0.046296
3 0.627083 0.052778 0.018750 0.046296
4 0.536979 0.160185 0.176042 0.146296
5 0.580061 0.594612 0.056793 0.188508
5 0.787942 0.426600 0.040537 0.098932
5 0.225888 0.908022 0.077792 0.183956
5 0.579974 0.565448 0.054651 0.131819
5 0.226278 0.857756 0.073534 0.158129
