0 0.244271 0.596296 0.121875 0.185185
0 0.362500 0.597222 0.089583 0.242593
0 0.394271 0.494444 0.096875 0.155556
0 0.586979 0.581481 0.090625 0.192593
0 0.533854 0.435185 0.069792 0.111111
0 0.648958 0.430556 0.087500 0.124074
0 0.717708 0.801852 0.195833 0.277778
0 0.565625 0.901852 0.204167 0.196296
0 0.531250 0.224074 0.060417 0.059259
0 0.691667 0.289815 0.075000 0.083333
0 0.891146 0.237963 0.073958 0.064815
1 0.228646 0.607407 0.032292 0.018519
1 0.363542 0.636111 0.033333 0.024074
1 0.552083 0.701852 0.018750 0.029630
1 0.752083 0.863889 0.039583 0.020370
2 0.804688 0.700000 0.065625 0.207407
2 0.654687 0.532407 0.032292 0.168519
2 0.383333 0.159259 0.012500 0.040741
2 0.947917 0.239815 0.033333 0.068519
3 0.716667 0.580556 0.095833 0.168519
3 0.794792 0.293519 0.050000 0.087037
3 0.780729 0.246296 0.044792 0.062963
3 0.832812 0.167593 0.021875 0.042593
4 0.868750 0.153704 0.052083 0.070370
6 0.507292 0.643519 0.129167 0.320370
5 0.085094 0.886496 0.061275 0.227008
5 0.945013 0.240945 0.027545 0.065415
5 0.369826 0.228678 0.013677 0.063297
