1 0.213021 0.681481 0.011458 0.014815
2 0.177083 0.399074 0.043750 0.127778
2 0.373437 0.164815 0.017708 0.062963
2 0.371875 0.337037 0.068750 0.114815
0 0.409375 0.930556 0.185417 0.138889
3 0.185417 0.620370 0.091667 0.233333
3 0.501563 0.195370 0.036458 0.068519
4 0.152604 0.134259 0.071875 0.105556
5 0.736561 0.523882 0.026198 0.153510
5 0.370795 0.167003 0.018229 0.057925
5 0.177892 0.382332 0.030496 0.096700
5 0.704817 0.443053 0.028994 0.101924
5 0.374458 0.321774 0.026142 0.086902
5 0.748743 0.429970 0.019507 0.091188
5 0.765566 0.437994 0.020170 0.108563
5 0.372429 0.331463 0.031221 0.107490
5 0.756393 0.437763 0.027665 0.109477
5 0.728873 0.421020 0.020436 0.098683
