0 0.582292 0.520370 0.129167 0.181481
0 0.768750 0.867593 0.202083 0.264815
0 0.529167 0.177778 0.110417 0.062963
0 0.620313 0.223148 0.126042 0.087037
0 0.653646 0.161111 0.107292 0.066667
0 0.840625 0.225926 0.118750 0.096296
0 0.819271 0.171296 0.138542 0.087037
0 0.694271 0.045370 0.036458 0.046296
0 0.744792 0.046296 0.043750 0.044444
1 0.562500 0.547222 0.037500 0.016667
2 0.650000 0.646296 0.052083 0.211111
3 0.592187 0.073148 0.021875 0.046296
3 0.606771 0.067593 0.021875 0.046296
3 0.619271 0.056481 0.021875 0.046296
5 0.225551 0.548640 0.032699 0.139474
5 0.648029 0.616923 0.051837 0.160622
