0 0.332813 0.791667 0.128125 0.327778
0 0.497917 0.776852 0.131250 0.272222
0 0.609375 0.542593 0.116667 0.155556
0 0.214583 0.317593 0.112500 0.101852
0 0.365625 0.146296 0.025000 0.044444
0 0.572396 0.211111 0.044792 0.059259
0 0.652083 0.212963 0.060417 0.055556
0 0.877083 0.167593 0.033333 0.042593
1 0.333854 0.849074 0.042708 0.020370
1 0.509375 0.804630 0.039583 0.020370
2 0.335417 0.565741 0.058333 0.116667
2 0.467187 0.537963 0.038542 0.168519
2 0.505729 0.497222 0.044792 0.150000
2 0.586458 0.614815 0.039583 0.177778
2 0.499479 0.327778 0.036458 0.100000
3 0.750000 0.639815 0.104167 0.231481
3 0.495833 0.921296 0.131250 0.157407
3 0.437500 0.198148 0.029167 0.062963
3 0.404687 0.159259 0.023958 0.048148
3 0.850521 0.295370 0.063542 0.090741
3 0.848958 0.175926 0.020833 0.048148
6 0.508333 0.201852 0.060417 0.088889
6 0.925521 0.146296 0.048958 0.100000
5 0.201835 0.593844 0.049873 0.163557
5 0.052416 0.892313 0.080230 0.211701
5 0.681123 0.623982 0.033559 0.182642
5 0.648915 0.613877 0.036656 0.183997
5 0.335264 0.494911 0.042035 0.104044
5 0.506037 0.468520 0.035416 0.086197
