0 0.285417 0.718519 0.137500 0.244444
0 0.653125 0.878704 0.193750 0.242593
0 0.828125 0.827778 0.154167 0.259259
0 0.645833 0.671296 0.141667 0.190741
0 0.167187 0.184259 0.076042 0.061111
0 0.186979 0.167593 0.065625 0.061111
0 0.329167 0.147222 0.035417 0.046296
0 0.350000 0.171296 0.054167 0.057407
0 0.416667 0.202778 0.047917 0.072222
0 0.676562 0.235185 0.036458 0.044444
0 0.510938 0.164815 0.026042 0.044444
0 0.466667 0.148148 0.029167 0.037037
1 0.682292 0.960185 0.054167 0.027778
1 0.280208 0.750000 0.039583 0.018519
1 0.464583 0.889815 0.022917 0.027778
1 0.655729 0.731481 0.040625 0.014815
1 0.121354 0.950000 0.019792 0.022222
1 0.160938 0.723148 0.015625 0.020370
2 0.119271 0.875000 0.080208 0.250000
2 0.172917 0.684259 0.052083 0.209259
2 0.293750 0.550926 0.081250 0.109259
2 0.555729 0.687963 0.034375 0.201852
2 0.731771 0.631481 0.055208 0.162963
2 0.228646 0.179630 0.030208 0.055556
2 0.476042 0.205556 0.016667 0.066667
3 0.458333 0.191667 0.029167 0.061111
3 0.504687 0.216667 0.046875 0.070370
6 0.605729 0.227778 0.086458 0.092593
6 0.467708 0.752778 0.137500 0.383333
5 0.325104 0.880066 0.056061 0.237795
5 0.119468 0.860947 0.075110 0.218058
5 0.550612 0.677989 0.035497 0.183661
5 0.292812 0.544561 0.042114 0.095457
5 0.821284 0.561763 0.043634 0.152300
5 0.111234 0.408989 0.033976 0.098257
5 0.174331 0.656439 0.050669 0.142262
5 0.735048 0.633539 0.049697 0.178875
5 0.106724 0.407567 0.024335 0.096876
