0 0.403646 0.884259 0.180208 0.231481
1 0.214583 0.664815 0.014583 0.018519
2 0.174479 0.381481 0.032292 0.125926
2 0.291667 0.334259 0.070833 0.112963
2 0.404687 0.157407 0.015625 0.048148
2 0.647917 0.225926 0.029167 0.059259
2 0.628646 0.213889 0.030208 0.057407
3 0.187500 0.602778 0.085417 0.227778
3 0.481250 0.183333 0.025000 0.062963
4 0.175000 0.127778 0.116667 0.118519
5 0.174189 0.377244 0.032928 0.113787
5 0.736884 0.526439 0.025883 0.148403
5 0.295532 0.320950 0.031036 0.096695
5 0.715096 0.435020 0.022762 0.108472
5 0.403117 0.160567 0.016085 0.049548
5 0.301448 0.329187 0.044925 0.114194
5 0.748907 0.431105 0.021092 0.105239
