0 0.335417 0.789815 0.122917 0.320370
0 0.498437 0.763889 0.126042 0.272222
0 0.609375 0.547222 0.112500 0.150000
0 0.367188 0.137037 0.023958 0.040741
0 0.493229 0.187963 0.044792 0.053704
0 0.557292 0.196296 0.052083 0.048148
1 0.335417 0.849074 0.043750 0.020370
2 0.333854 0.499074 0.032292 0.146296
2 0.395313 0.530556 0.040625 0.150000
2 0.455208 0.498148 0.035417 0.144444
2 0.506250 0.498148 0.039583 0.148148
3 0.152604 0.856481 0.117708 0.287037
3 0.484896 0.883333 0.123958 0.233333
3 0.754167 0.647222 0.102083 0.227778
3 0.389583 0.177778 0.029167 0.044444
3 0.816146 0.275000 0.065625 0.090741
6 0.946875 0.273148 0.106250 0.157407
6 0.929167 0.149074 0.047917 0.098148
6 0.445312 0.184259 0.048958 0.087037
5 0.085835 0.603169 0.046490 0.166921
5 0.151774 0.639897 0.050745 0.142980
5 0.334241 0.489378 0.037907 0.122108
5 0.681397 0.633109 0.040943 0.199240
5 0.398706 0.502290 0.045599 0.101543
5 0.454056 0.487881 0.041145 0.129042
5 0.504614 0.498769 0.042596 0.137825
