0 0.451562 0.495370 0.130208 0.198148
0 0.346354 0.358333 0.123958 0.161111
0 0.466667 0.348148 0.122917 0.140741
0 0.583854 0.421296 0.090625 0.164815
0 0.485938 0.824074 0.184375 0.318519
0 0.560937 0.147222 0.117708 0.090741
0 0.430208 0.093519 0.104167 0.068519
0 0.640625 0.118519 0.077083 0.088889
0 0.931250 0.138889 0.116667 0.081481
1 0.324479 0.360185 0.028125 0.020370
1 0.478646 0.868519 0.055208 0.025926
1 0.445833 0.513889 0.033333 0.012963
1 0.588021 0.462963 0.032292 0.022222
2 0.873437 0.357407 0.034375 0.159259
3 0.345833 0.234259 0.102083 0.135185
5 0.250418 0.371990 0.038195 0.159434
