0 0.316667 0.853704 0.135417 0.214815
0 0.447396 0.818519 0.128125 0.237037
0 0.509896 0.960185 0.161458 0.079630
0 0.667708 0.713889 0.110417 0.179630
0 0.346354 0.468519 0.084375 0.085185
0 0.349479 0.442593 0.086458 0.070370
0 0.532813 0.431481 0.117708 0.092593
0 0.619271 0.356481 0.069792 0.061111
0 0.522917 0.310185 0.033333 0.053704
0 0.472396 0.297222 0.034375 0.050000
0 0.498437 0.249074 0.019792 0.031481
0 0.489583 0.224074 0.012500 0.025926
0 0.458854 0.270370 0.023958 0.037037
0 0.475000 0.256481 0.014583 0.027778
0 0.462500 0.230556 0.016667 0.024074
1 0.307292 0.900000 0.037500 0.022222
1 0.070312 0.946296 0.011458 0.018519
1 0.431771 0.900000 0.036458 0.014815
1 0.757812 0.955556 0.017708 0.018519
2 0.080208 0.886111 0.035417 0.194444
2 0.254167 0.660185 0.033333 0.142593
2 0.366667 0.638889 0.047917 0.155556
2 0.594271 0.538889 0.026042 0.114815
2 0.422917 0.454630 0.058333 0.098148
2 0.502083 0.465741 0.060417 0.094444
2 0.613021 0.502778 0.034375 0.094444
2 0.721875 0.569444 0.037500 0.101852
2 0.528125 0.334259 0.016667 0.064815
3 0.222396 0.751852 0.096875 0.174074
3 0.579167 0.763889 0.075000 0.224074
3 0.664583 0.903704 0.125000 0.192593
3 0.271354 0.487963 0.090625 0.109259
6 0.173437 0.875000 0.146875 0.250000
6 0.749479 0.820370 0.146875 0.322222
5 0.362074 0.603735 0.027650 0.087885
5 0.165688 0.682676 0.032685 0.095347
5 0.250131 0.629261 0.032588 0.075660
5 0.142863 0.729960 0.048268 0.090990
5 0.083267 0.891742 0.032269 0.200845
5 0.083489 0.852730 0.030974 0.122617
5 0.015341 0.535158 0.019758 0.053436
