0 0.285417 0.722222 0.137500 0.251852
0 0.654167 0.879630 0.191667 0.240741
0 0.828646 0.839815 0.153125 0.272222
0 0.644792 0.674074 0.139583 0.196296
0 0.146875 0.320370 0.056250 0.100000
0 0.490104 0.337037 0.142708 0.107407
0 0.168750 0.179630 0.068750 0.059259
0 0.654687 0.232407 0.069792 0.057407
0 0.515625 0.230556 0.075000 0.068519
0 0.347917 0.171296 0.054167 0.050000
0 0.329167 0.146296 0.035417 0.044444
0 0.406771 0.182407 0.030208 0.053704
0 0.497917 0.173148 0.033333 0.038889
0 0.532292 0.204630 0.056250 0.050000
0 0.521875 0.134259 0.018750 0.031481
0 0.541146 0.150926 0.028125 0.038889
1 0.683333 0.959259 0.047917 0.022222
1 0.656250 0.731481 0.039583 0.018519
1 0.279687 0.750000 0.038542 0.018519
1 0.465625 0.887963 0.022917 0.031481
2 0.151042 0.628704 0.062500 0.190741
2 0.517188 0.575926 0.107292 0.174074
2 0.552083 0.695370 0.027083 0.187037
2 0.733333 0.635185 0.054167 0.181481
2 0.562500 0.462963 0.035417 0.137037
2 0.569792 0.223148 0.027083 0.064815
2 0.611979 0.236111 0.036458 0.061111
6 0.467187 0.746296 0.140625 0.370370
6 0.450000 0.190741 0.039583 0.096296
2 0.968229 0.918519 0.063542 0.151852
5 0.348870 0.917776 0.057943 0.161800
5 0.146154 0.617015 0.052127 0.169647
5 0.563520 0.458756 0.033640 0.123177
5 0.733613 0.625425 0.051365 0.163252
5 0.550238 0.679035 0.035912 0.184222
5 0.815865 0.558910 0.033499 0.153965
5 0.479286 0.528109 0.032602 0.071429
5 0.107650 0.411781 0.025558 0.094479
5 0.519484 0.538042 0.056609 0.073098
