0 0.338542 0.790741 0.131250 0.322222
0 0.500000 0.768519 0.131250 0.266667
0 0.611979 0.550000 0.113542 0.162963
0 0.519792 0.193519 0.047917 0.053704
0 0.461979 0.176852 0.044792 0.057407
1 0.336458 0.850000 0.043750 0.022222
2 0.336979 0.505556 0.036458 0.144444
2 0.402083 0.513889 0.033333 0.157407
2 0.458333 0.496296 0.045833 0.148148
2 0.506250 0.498148 0.043750 0.144444
3 0.481771 0.877778 0.126042 0.244444
3 0.171875 0.781481 0.110417 0.285185
3 0.752604 0.646296 0.101042 0.229630
3 0.370833 0.166667 0.025000 0.055556
6 0.927083 0.143519 0.047917 0.098148
6 0.860938 0.270370 0.196875 0.174074
5 0.032744 0.622738 0.041691 0.170805
5 0.664677 0.666948 0.046181 0.165572
5 0.185603 0.571227 0.053483 0.130834
5 0.405590 0.500557 0.037530 0.119494
5 0.453880 0.488884 0.042000 0.135466
5 0.336074 0.495549 0.036224 0.111023
5 0.092274 0.526144 0.035166 0.126477
5 0.503944 0.498160 0.043447 0.138316
