0 0.550000 0.692593 0.137500 0.262963
0 0.512500 0.875926 0.166667 0.248148
0 0.794792 0.850000 0.208333 0.300000
0 0.635417 0.474074 0.104167 0.174074
0 0.743750 0.611111 0.133333 0.225926
0 0.032292 0.224074 0.062500 0.100000
0 0.056250 0.198148 0.043750 0.074074
0 0.136458 0.136111 0.037500 0.061111
0 0.458854 0.053704 0.017708 0.029630
1 0.213021 0.667593 0.015625 0.020370
1 0.375000 0.750000 0.014583 0.018519
1 0.517188 0.962037 0.055208 0.024074
1 0.553646 0.729630 0.038542 0.022222
1 0.628646 0.486111 0.032292 0.020370
1 0.758854 0.679630 0.032292 0.014815
1 0.813542 0.912963 0.037500 0.018519
2 0.225000 0.629630 0.054167 0.222222
2 0.714063 0.352778 0.059375 0.131481
2 0.804167 0.382407 0.039583 0.120370
3 0.071354 0.864815 0.140625 0.270370
3 0.344271 0.685185 0.115625 0.259259
3 0.925521 0.154630 0.042708 0.075926
5 0.225918 0.609533 0.052495 0.161266
5 0.716050 0.335785 0.038321 0.097198
5 0.802420 0.376614 0.031352 0.102472
5 0.399361 0.203846 0.017075 0.086603
