0 0.286458 0.722222 0.135417 0.251852
0 0.655729 0.880556 0.196875 0.238889
0 0.826562 0.827778 0.157292 0.251852
0 0.647396 0.679630 0.140625 0.211111
0 0.167187 0.181481 0.071875 0.059259
0 0.329688 0.149074 0.038542 0.061111
0 0.382292 0.172222 0.050000 0.051852
0 0.442708 0.210185 0.058333 0.057407
0 0.560417 0.231481 0.079167 0.066667
0 0.530208 0.213889 0.058333 0.053704
0 0.491146 0.186111 0.030208 0.050000
0 0.532292 0.161111 0.031250 0.040741
1 0.683854 0.958333 0.048958 0.020370
1 0.654167 0.731481 0.041667 0.018519
1 0.279687 0.750000 0.040625 0.018519
1 0.464583 0.889815 0.025000 0.031481
2 0.173958 0.593519 0.058333 0.187037
2 0.553646 0.687037 0.034375 0.203704
2 0.741667 0.636111 0.054167 0.172222
2 0.598437 0.409259 0.030208 0.122222
2 0.481250 0.210185 0.016667 0.050000
3 0.500521 0.149074 0.028125 0.024074
3 0.606771 0.226852 0.048958 0.064815
6 0.417187 0.172222 0.028125 0.077778
6 0.467708 0.746296 0.137500 0.370370
5 0.388022 0.959941 0.045447 0.080118
5 0.168150 0.571658 0.048528 0.143540
5 0.597630 0.408592 0.028931 0.113172
5 0.550627 0.681256 0.035052 0.180527
5 0.736262 0.630211 0.050778 0.169623
5 0.780551 0.565105 0.038125 0.165123
5 0.114641 0.412034 0.039459 0.106648
5 0.108998 0.409339 0.028026 0.100466
5 0.737385 0.830380 0.036795 0.191241
