0 0.333333 0.784259 0.120833 0.309259
0 0.503646 0.823148 0.140625 0.287037
0 0.552604 0.328704 0.109375 0.098148
0 0.371354 0.157407 0.038542 0.048148
0 0.612500 0.551852 0.108333 0.159259
1 0.516146 0.855556 0.042708 0.025926
1 0.334896 0.850926 0.040625 0.024074
2 0.232813 0.707407 0.051042 0.222222
2 0.295833 0.560185 0.054167 0.146296
2 0.501042 0.505556 0.043750 0.151852
2 0.520312 0.604630 0.042708 0.142593
2 0.632292 0.703704 0.060417 0.200000
3 0.760417 0.667593 0.104167 0.246296
3 0.406771 0.155556 0.026042 0.044444
3 0.461458 0.180556 0.025000 0.061111
6 0.190104 0.318519 0.117708 0.166667
6 0.931250 0.150926 0.047917 0.101852
6 0.597396 0.225926 0.071875 0.081481
5 0.687510 0.620860 0.040550 0.185160
5 0.240978 0.684868 0.050430 0.166096
5 0.290286 0.535128 0.031197 0.102319
5 0.505249 0.493286 0.041659 0.130102
5 0.417476 0.287033 0.024972 0.084660
5 0.642245 0.566581 0.051682 0.131369
5 0.631897 0.681855 0.059056 0.143809
