0 0.572396 0.448148 0.103125 0.148148
0 0.766146 0.579630 0.136458 0.218519
0 0.605208 0.212963 0.108333 0.074074
0 0.732812 0.192593 0.080208 0.081481
0 0.805208 0.216667 0.135417 0.081481
0 0.871354 0.175000 0.123958 0.079630
0 0.727604 0.046296 0.042708 0.044444
1 0.584375 0.458333 0.031250 0.016667
2 0.692708 0.469444 0.037500 0.161111
3 0.594271 0.067593 0.017708 0.050000
3 0.608854 0.063889 0.017708 0.050000
3 0.624479 0.054630 0.017708 0.050000
5 0.224415 0.547570 0.032821 0.143076
5 0.691671 0.452968 0.040569 0.137439
