0 0.516146 0.911111 0.176042 0.177778
0 0.549479 0.686111 0.140625 0.257407
0 0.796354 0.851852 0.209375 0.296296
0 0.635938 0.469444 0.105208 0.161111
0 0.745313 0.610185 0.132292 0.216667
0 0.033333 0.300000 0.064583 0.122222
0 0.392708 0.223148 0.112500 0.087037
0 0.452604 0.063889 0.019792 0.038889
1 0.555208 0.728704 0.043750 0.020370
1 0.173437 0.753704 0.017708 0.022222
1 0.627604 0.483333 0.036458 0.018519
1 0.760938 0.680556 0.036458 0.016667
1 0.820833 0.916667 0.052083 0.025926
2 0.188542 0.716667 0.064583 0.251852
2 0.693229 0.364815 0.053125 0.133333
2 0.801562 0.382407 0.036458 0.116667
3 0.343229 0.683333 0.107292 0.262963
3 0.063542 0.223148 0.089583 0.098148
3 0.265104 0.216667 0.078125 0.088889
5 0.188742 0.684838 0.056814 0.188360
5 0.340378 0.483504 0.044478 0.120391
5 0.687605 0.361761 0.033431 0.133236
5 0.801959 0.375442 0.032781 0.104058
