0 0.380208 0.731481 0.133333 0.244444
0 0.260417 0.249074 0.104167 0.079630
1 0.386458 0.790741 0.041667 0.018519
1 0.213021 0.661111 0.015625 0.014815
2 0.172396 0.368519 0.036458 0.111111
2 0.269792 0.332407 0.066667 0.087037
2 0.511979 0.231481 0.028125 0.062963
2 0.489063 0.184259 0.015625 0.057407
2 0.519792 0.190741 0.018750 0.048148
3 0.186979 0.603704 0.086458 0.233333
3 0.476562 0.168519 0.021875 0.055556
4 0.294271 0.137963 0.153125 0.109259
5 0.734693 0.525837 0.024310 0.150065
5 0.172466 0.359015 0.032025 0.113115
5 0.751360 0.434375 0.021771 0.112263
5 0.731110 0.423314 0.016469 0.103613
