0 0.450521 0.497222 0.119792 0.194444
0 0.329688 0.374074 0.107292 0.166667
0 0.582812 0.419444 0.098958 0.168519
0 0.198437 0.257407 0.169792 0.133333
0 0.453125 0.217593 0.112500 0.135185
0 0.532292 0.141667 0.133333 0.105556
1 0.318229 0.382407 0.034375 0.016667
1 0.447396 0.512037 0.038542 0.020370
1 0.589063 0.461111 0.032292 0.014815
0 0.457813 0.350000 0.134375 0.144444
2 0.885417 0.389815 0.043750 0.153704
2 0.928646 0.326852 0.034375 0.146296
3 0.644792 0.138889 0.058333 0.103704
5 0.253792 0.318205 0.031991 0.148163
5 0.608341 0.308393 0.045759 0.110531
5 0.368255 0.204742 0.020797 0.102544
5 0.594383 0.297801 0.034121 0.085650
5 0.884293 0.383967 0.040492 0.153476
5 0.589771 0.294802 0.025338 0.080089
5 0.550790 0.235918 0.028569 0.141864
5 0.605738 0.297605 0.037115 0.084936
