0 0.285417 0.720370 0.139583 0.251852
0 0.653646 0.878704 0.190625 0.242593
0 0.644792 0.675926 0.143750 0.192593
0 0.828646 0.822222 0.155208 0.237037
0 0.168229 0.179630 0.073958 0.059259
0 0.328646 0.150000 0.038542 0.051852
0 0.414062 0.193519 0.046875 0.053704
0 0.542188 0.243519 0.086458 0.068519
0 0.463021 0.209259 0.065625 0.070370
0 0.613021 0.230556 0.078125 0.072222
1 0.682813 0.960185 0.046875 0.027778
1 0.279687 0.748148 0.040625 0.022222
1 0.464062 0.889815 0.021875 0.035185
1 0.654687 0.732407 0.042708 0.016667
2 0.172396 0.592593 0.059375 0.181481
2 0.552083 0.687037 0.033333 0.203704
2 0.700000 0.555556 0.047917 0.159259
2 0.745833 0.636111 0.045833 0.190741
2 0.611979 0.400926 0.030208 0.131481
2 0.642188 0.247222 0.032292 0.064815
3 0.473958 0.168519 0.027083 0.048148
3 0.545833 0.197222 0.039583 0.038889
6 0.434375 0.152778 0.033333 0.064815
6 0.466667 0.755556 0.135417 0.392593
5 0.168017 0.574851 0.050973 0.147623
5 0.550800 0.682051 0.034796 0.177856
5 0.612350 0.397921 0.029123 0.118218
5 0.736843 0.831398 0.035405 0.184536
5 0.738109 0.633937 0.053021 0.163280
5 0.106033 0.407950 0.021267 0.096904
5 0.113696 0.410470 0.036542 0.104401
