0 0.216146 0.678704 0.153125 0.205556
0 0.358333 0.700926 0.108333 0.294444
0 0.372917 0.516667 0.108333 0.137037
0 0.609375 0.643519 0.108333 0.212963
0 0.543229 0.492593 0.090625 0.114815
0 0.646354 0.472222 0.103125 0.133333
0 0.787500 0.879630 0.266667 0.240741
0 0.614062 0.312037 0.073958 0.098148
0 0.585938 0.211111 0.061458 0.055556
0 0.793750 0.247222 0.062500 0.061111
1 0.190625 0.701852 0.037500 0.018519
1 0.353646 0.743519 0.036458 0.016667
1 0.571875 0.778704 0.020833 0.031481
1 0.621875 0.667593 0.039583 0.020370
2 0.691667 0.586111 0.037500 0.194444
2 0.886458 0.803704 0.075000 0.225926
2 0.392708 0.168519 0.014583 0.044444
2 0.353125 0.165741 0.008333 0.050000
3 0.774479 0.659259 0.109375 0.203704
3 0.703125 0.325000 0.056250 0.101852
3 0.688021 0.260185 0.051042 0.079630
3 0.355729 0.127778 0.015625 0.037037
3 0.832812 0.170370 0.023958 0.051852
4 0.938542 0.216667 0.122917 0.125926
4 0.868229 0.151852 0.048958 0.074074
6 0.517188 0.723148 0.153125 0.364815
5 0.371528 0.233614 0.016245 0.066712
