0 0.550000 0.689815 0.135417 0.261111
0 0.513021 0.878704 0.165625 0.242593
0 0.635417 0.471296 0.102083 0.161111
0 0.739583 0.606481 0.131250 0.212963
0 0.796875 0.851852 0.210417 0.296296
0 0.030729 0.153704 0.057292 0.062963
0 0.076042 0.231481 0.129167 0.092593
0 0.103125 0.150000 0.050000 0.062963
0 0.131250 0.140741 0.047917 0.062963
0 0.457813 0.054630 0.021875 0.038889
1 0.211458 0.662963 0.014583 0.018519
1 0.376563 0.750926 0.017708 0.020370
1 0.516667 0.960185 0.052083 0.027778
1 0.555208 0.729630 0.037500 0.018519
1 0.628125 0.485185 0.035417 0.018519
1 0.760938 0.677778 0.038542 0.022222
1 0.819271 0.921296 0.051042 0.031481
2 0.225000 0.630556 0.050000 0.227778
2 0.602604 0.370370 0.046875 0.118519
2 0.800000 0.376852 0.037500 0.109259
3 0.342187 0.676852 0.103125 0.275926
3 0.963542 0.140741 0.037500 0.074074
3 0.035417 0.199074 0.060417 0.075926
5 0.227144 0.610752 0.051688 0.165981
5 0.611077 0.350625 0.042908 0.084603
5 0.606254 0.376187 0.053679 0.135426
5 0.802380 0.376365 0.031110 0.102460
