0 0.378646 0.725926 0.134375 0.233333
0 0.283333 0.254630 0.102083 0.087037
1 0.384375 0.780556 0.037500 0.020370
1 0.214062 0.662963 0.013542 0.014815
2 0.168750 0.362963 0.027083 0.118519
2 0.215104 0.319444 0.063542 0.105556
2 0.494792 0.224074 0.027083 0.066667
2 0.481771 0.187037 0.015625 0.059259
3 0.185938 0.601852 0.092708 0.229630
3 0.480729 0.158333 0.019792 0.050000
4 0.308854 0.135185 0.148958 0.103704
5 0.734499 0.525526 0.024279 0.150614
5 0.172486 0.359735 0.032040 0.114023
5 0.749578 0.429139 0.019609 0.103282
5 0.502215 0.149983 0.019347 0.064274
5 0.228884 0.304404 0.028973 0.078247
5 0.226863 0.318976 0.036673 0.104959
5 0.732169 0.422802 0.017034 0.102028
