0 0.343750 0.359259 0.122917 0.159259
0 0.164583 0.250926 0.212500 0.157407
0 0.448958 0.497222 0.131250 0.194444
0 0.466667 0.352778 0.139583 0.161111
0 0.585938 0.423148 0.092708 0.175926
0 0.482292 0.865741 0.193750 0.268519
0 0.482812 0.136111 0.123958 0.087037
0 0.586458 0.122222 0.125000 0.088889
1 0.319792 0.363889 0.027083 0.020370
1 0.446354 0.510185 0.034375 0.016667
1 0.589583 0.462037 0.031250 0.016667
2 0.873958 0.359259 0.033333 0.170370
3 0.384375 0.232407 0.085417 0.124074
5 0.326938 0.214038 0.043733 0.137795
5 0.593766 0.298428 0.035967 0.085412
5 0.252082 0.355125 0.039178 0.147176
