0 0.286458 0.716667 0.137500 0.244444
0 0.653646 0.879630 0.192708 0.240741
0 0.826562 0.837037 0.157292 0.266667
0 0.643229 0.673148 0.136458 0.190741
0 0.468750 0.342593 0.177083 0.100000
0 0.168229 0.184259 0.073958 0.061111
0 0.294792 0.169444 0.064583 0.053704
0 0.601562 0.250000 0.090625 0.066667
0 0.594792 0.214815 0.079167 0.048148
0 0.330729 0.149074 0.036458 0.053704
0 0.402083 0.194444 0.033333 0.059259
0 0.390104 0.170370 0.040625 0.048148
0 0.495312 0.145370 0.026042 0.035185
0 0.525521 0.157407 0.032292 0.037037
1 0.683333 0.960185 0.050000 0.020370
1 0.463542 0.887963 0.020833 0.031481
1 0.279167 0.749074 0.041667 0.016667
1 0.654167 0.730556 0.037500 0.020370
1 0.109375 0.762963 0.016667 0.018519
2 0.116667 0.715741 0.064583 0.216667
2 0.279167 0.561111 0.070833 0.088889
2 0.478125 0.502778 0.062500 0.124074
2 0.552604 0.679630 0.034375 0.188889
2 0.734375 0.632407 0.056250 0.172222
2 0.969271 0.922222 0.061458 0.144444
2 0.423958 0.158333 0.010417 0.042593
2 0.463542 0.164815 0.014583 0.048148
3 0.448437 0.202778 0.034375 0.064815
3 0.447917 0.164815 0.025000 0.022222
6 0.467708 0.747222 0.137500 0.364815
6 0.505729 0.205556 0.053125 0.096296
5 0.327666 0.896956 0.053028 0.206088
5 0.112350 0.694347 0.058243 0.173466
5 0.550296 0.680329 0.035943 0.178999
5 0.734216 0.631433 0.051200 0.174456
5 0.114082 0.411920 0.039055 0.105819
5 0.476427 0.503314 0.055054 0.120735
5 0.821922 0.559751 0.044497 0.154023
5 0.273741 0.558979 0.062796 0.084478
5 0.470674 0.492124 0.030453 0.097399
5 0.735252 0.607458 0.047270 0.127635
