0 0.336458 0.788889 0.127083 0.325926
0 0.521875 0.886111 0.162500 0.227778
0 0.612500 0.548148 0.114583 0.155556
0 0.904167 0.350926 0.110417 0.101852
0 0.398958 0.173148 0.043750 0.046296
0 0.529167 0.186111 0.052083 0.057407
0 0.875521 0.173148 0.030208 0.046296
1 0.335938 0.850926 0.042708 0.020370
1 0.532292 0.982407 0.050000 0.020370
2 0.216146 0.673148 0.053125 0.194444
2 0.506771 0.499074 0.038542 0.142593
2 0.610417 0.778704 0.064583 0.231481
2 0.777083 0.892593 0.081250 0.214815
2 0.369271 0.337963 0.059375 0.087037
2 0.343229 0.132407 0.007292 0.031481
3 0.792708 0.709259 0.118750 0.259259
3 0.436458 0.173148 0.025000 0.053704
3 0.358333 0.109259 0.010417 0.033333
3 0.578125 0.203704 0.035417 0.062963
3 0.847396 0.175000 0.023958 0.053704
6 0.641667 0.350926 0.179167 0.168519
6 0.809896 0.257407 0.094792 0.107407
6 0.927604 0.147222 0.051042 0.098148
5 0.402207 0.579276 0.030643 0.162053
5 0.215217 0.646774 0.045813 0.143733
5 0.774554 0.883884 0.078002 0.205451
5 0.613670 0.758133 0.063245 0.181844
5 0.504888 0.495577 0.041754 0.128382
5 0.196877 0.868307 0.071324 0.103422
5 0.682981 0.564536 0.045138 0.154122
5 0.196921 0.897019 0.070402 0.160910
5 0.647230 0.574459 0.035001 0.169095
5 0.702029 0.594901 0.056723 0.194443
