0 0.377083 0.712963 0.137500 0.233333
0 0.456771 0.283333 0.115625 0.092593
1 0.381250 0.762963 0.041667 0.018519
1 0.213542 0.669444 0.016667 0.020370
2 0.169792 0.368519 0.027083 0.118519
2 0.430208 0.204630 0.018750 0.061111
2 0.468750 0.175926 0.014583 0.048148
2 0.490104 0.177778 0.011458 0.044444
2 0.482292 0.170370 0.010417 0.040741
3 0.184896 0.601852 0.084375 0.225926
4 0.371875 0.136111 0.110417 0.094444
4 0.608854 0.202778 0.171875 0.142593
5 0.737001 0.530438 0.028964 0.143353
5 0.171999 0.358743 0.030613 0.111450
5 0.745619 0.428858 0.023252 0.096308
5 0.429816 0.207294 0.019382 0.063037
5 0.724840 0.425569 0.017697 0.103957
