0 0.335938 0.792593 0.126042 0.325926
0 0.499479 0.762963 0.134375 0.259259
0 0.609896 0.548148 0.107292 0.151852
0 0.501042 0.191667 0.050000 0.050000
0 0.367188 0.137037 0.023958 0.044444
0 0.572396 0.203704 0.048958 0.055556
0 0.878125 0.171296 0.031250 0.050000
1 0.334896 0.849074 0.042708 0.016667
2 0.332813 0.501852 0.038542 0.151852
2 0.394792 0.538889 0.052083 0.159259
2 0.459375 0.501852 0.041667 0.144444
2 0.507292 0.499074 0.043750 0.146296
2 0.698958 0.369444 0.062500 0.112963
3 0.152604 0.864815 0.132292 0.266667
3 0.487500 0.889815 0.125000 0.220370
3 0.754167 0.642593 0.100000 0.233333
3 0.392708 0.175926 0.027083 0.051852
3 0.846354 0.275926 0.061458 0.081481
6 0.928125 0.150926 0.047917 0.101852
6 0.453125 0.187963 0.052083 0.083333
5 0.102567 0.600229 0.027847 0.165249
5 0.140127 0.663155 0.059148 0.151415
5 0.040326 0.549500 0.038475 0.141356
5 0.333395 0.490199 0.037569 0.126008
5 0.541287 0.226342 0.021695 0.095164
5 0.392788 0.503091 0.048864 0.088601
5 0.454962 0.491214 0.039961 0.114420
5 0.504530 0.500093 0.041676 0.134900
5 0.647261 0.610165 0.051158 0.181027
