0 0.282292 0.718519 0.133333 0.248148
0 0.654167 0.878704 0.197917 0.242593
0 0.827604 0.836111 0.159375 0.268519
0 0.645312 0.675926 0.142708 0.200000
0 0.415104 0.338889 0.178125 0.103704
0 0.167708 0.181481 0.075000 0.059259
0 0.307292 0.171296 0.062500 0.057407
0 0.585938 0.244444 0.088542 0.066667
0 0.583333 0.213889 0.077083 0.050000
0 0.330208 0.150000 0.035417 0.055556
0 0.401042 0.190741 0.031250 0.051852
0 0.397396 0.169444 0.042708 0.042593
0 0.529167 0.154630 0.027083 0.035185
0 0.532813 0.205556 0.023958 0.055556
0 0.501042 0.140741 0.029167 0.033333
1 0.682292 0.959259 0.050000 0.022222
1 0.465625 0.887963 0.020833 0.027778
1 0.279687 0.750926 0.040625 0.020370
1 0.654687 0.731481 0.038542 0.018519
1 0.110417 0.745370 0.018750 0.012963
2 0.120313 0.701852 0.065625 0.222222
2 0.309896 0.580556 0.090625 0.138889
2 0.498437 0.500000 0.059375 0.140741
2 0.551042 0.685185 0.035417 0.207407
2 0.731771 0.630556 0.053125 0.175926
2 0.427083 0.157407 0.010417 0.040741
2 0.464583 0.168519 0.014583 0.048148
2 0.968229 0.919444 0.063542 0.150000
3 0.447917 0.168519 0.025000 0.033333
3 0.445833 0.200000 0.033333 0.059259
6 0.497396 0.203704 0.051042 0.096296
6 0.466146 0.748148 0.142708 0.374074
5 0.327607 0.899421 0.057156 0.200341
5 0.115770 0.680533 0.056116 0.173847
5 0.550341 0.680756 0.035213 0.179015
5 0.496120 0.501044 0.055100 0.130210
5 0.733981 0.631035 0.051201 0.172489
5 0.821882 0.560318 0.044413 0.154769
5 0.108831 0.408635 0.028184 0.095364
5 0.113870 0.409889 0.038472 0.103801
