0 0.327083 0.375000 0.108333 0.161111
0 0.073958 0.254630 0.139583 0.142593
0 0.451562 0.494444 0.121875 0.196296
0 0.449479 0.354630 0.117708 0.150000
0 0.582292 0.420370 0.091667 0.166667
0 0.407292 0.227778 0.125000 0.129630
0 0.360417 0.120370 0.060417 0.081481
1 0.315625 0.381481 0.035417 0.014815
1 0.444792 0.513889 0.031250 0.020370
2 0.885417 0.382407 0.041667 0.172222
2 0.925000 0.326852 0.037500 0.138889
2 0.520312 0.368519 0.046875 0.166667
3 0.475521 0.192593 0.051042 0.103704
5 0.608176 0.308689 0.047199 0.114080
5 0.256206 0.331612 0.029408 0.157060
