1 0.211458 0.690741 0.014583 0.014815
2 0.176563 0.399074 0.038542 0.127778
2 0.360417 0.173148 0.016667 0.057407
2 0.394792 0.336111 0.068750 0.116667
3 0.180729 0.626852 0.092708 0.238889
3 0.507812 0.200926 0.036458 0.064815
5 0.736534 0.524163 0.025740 0.152874
5 0.177843 0.399435 0.036013 0.119108
5 0.703511 0.445616 0.030772 0.106322
5 0.765618 0.438031 0.019855 0.109455
5 0.359360 0.171414 0.018475 0.054326
5 0.748385 0.428095 0.019270 0.090459
5 0.401190 0.320194 0.024833 0.083272
5 0.728314 0.422851 0.021099 0.102687
5 0.757937 0.437880 0.028610 0.110193
