0 0.428646 0.296296 0.123958 0.140741
0 0.456250 0.492593 0.129167 0.188889
0 0.480208 0.625926 0.152083 0.244444
0 0.586458 0.432407 0.091667 0.150000
0 0.601042 0.261111 0.102083 0.107407
0 0.942187 0.165741 0.111458 0.090741
1 0.398958 0.299074 0.025000 0.016667
1 0.481771 0.646296 0.044792 0.022222
2 0.549479 0.323148 0.038542 0.127778
2 0.942187 0.293519 0.030208 0.120370
5 0.266983 0.519085 0.045342 0.201168
5 0.604161 0.315359 0.056996 0.135848
5 0.550934 0.320946 0.046253 0.133544
5 0.253320 0.518179 0.021464 0.178238
