0 0.285938 0.719444 0.136458 0.246296
0 0.654167 0.879630 0.195833 0.240741
0 0.649479 0.675000 0.148958 0.187037
0 0.828125 0.827778 0.160417 0.266667
0 0.167187 0.181481 0.073958 0.059259
0 0.328125 0.148148 0.037500 0.051852
0 0.422396 0.200000 0.055208 0.059259
0 0.394792 0.170370 0.033333 0.048148
0 0.480208 0.214815 0.066667 0.066667
0 0.594792 0.255556 0.095833 0.070370
0 0.632292 0.229630 0.070833 0.062963
0 0.545312 0.152778 0.023958 0.038889
1 0.681771 0.959259 0.048958 0.022222
1 0.653646 0.729630 0.040625 0.022222
1 0.465104 0.891667 0.021875 0.027778
1 0.277083 0.750000 0.045833 0.018519
2 0.172917 0.594444 0.058333 0.185185
2 0.552604 0.683333 0.034375 0.203704
2 0.737500 0.639815 0.045833 0.190741
2 0.968750 0.919444 0.058333 0.161111
2 0.702604 0.552778 0.044792 0.157407
2 0.610938 0.399074 0.028125 0.116667
2 0.520833 0.214815 0.018750 0.059259
3 0.559896 0.213889 0.042708 0.064815
3 0.518750 0.147222 0.031250 0.031481
6 0.428125 0.155556 0.031250 0.051852
6 0.467187 0.748148 0.142708 0.370370
5 0.611272 0.398671 0.028147 0.115605
5 0.167671 0.573231 0.050894 0.144261
5 0.550922 0.682644 0.034826 0.177924
5 0.106170 0.407636 0.021636 0.097398
5 0.113968 0.410324 0.037468 0.105009
5 0.736125 0.827223 0.035540 0.181221
