0 0.285417 0.720370 0.137500 0.259259
0 0.654167 0.877778 0.189583 0.244444
0 0.645833 0.675000 0.143750 0.198148
0 0.827083 0.836111 0.152083 0.268519
0 0.168229 0.182407 0.073958 0.061111
0 0.450000 0.212037 0.062500 0.064815
0 0.378125 0.172222 0.052083 0.055556
0 0.328646 0.150926 0.036458 0.057407
0 0.579688 0.235185 0.086458 0.066667
0 0.539583 0.216667 0.070833 0.051852
0 0.492188 0.188889 0.032292 0.055556
0 0.528646 0.159259 0.034375 0.040741
1 0.681250 0.958333 0.052083 0.024074
1 0.463542 0.890741 0.018750 0.025926
1 0.279167 0.750926 0.041667 0.016667
1 0.653125 0.731481 0.039583 0.022222
2 0.174479 0.591667 0.059375 0.190741
2 0.551562 0.684259 0.036458 0.198148
2 0.741146 0.630556 0.053125 0.179630
2 0.713542 0.571296 0.043750 0.157407
2 0.969792 0.911111 0.060417 0.151852
2 0.594792 0.415741 0.031250 0.131481
2 0.490104 0.215741 0.023958 0.061111
3 0.491667 0.147222 0.022917 0.031481
6 0.419792 0.173148 0.029167 0.087037
6 0.468229 0.748148 0.142708 0.377778
5 0.383870 0.957657 0.044885 0.084686
5 0.169154 0.571391 0.048660 0.145857
5 0.550388 0.681319 0.035068 0.180763
5 0.594783 0.407427 0.028828 0.103421
5 0.783730 0.561768 0.034603 0.162739
5 0.736998 0.630431 0.055097 0.169867
5 0.114413 0.411662 0.038795 0.106058
5 0.737936 0.830431 0.036290 0.191757
