0 0.102083 0.908333 0.202083 0.183333
0 0.317708 0.715741 0.141667 0.238889
0 0.343750 0.879630 0.158333 0.240741
0 0.666667 0.775000 0.158333 0.264815
0 0.614583 0.629630 0.154167 0.170370
0 0.669271 0.558333 0.117708 0.187037
0 0.445833 0.398148 0.087500 0.122222
0 0.687500 0.363889 0.081250 0.112963
0 0.586458 0.287037 0.070833 0.074074
1 0.302604 0.748148 0.040625 0.022222
1 0.693229 0.806481 0.042708 0.016667
2 0.954688 0.899074 0.090625 0.194444
2 0.556250 0.321296 0.027083 0.083333
2 0.411979 0.212963 0.019792 0.062963
2 0.367708 0.183333 0.014583 0.051852
3 0.511979 0.459259 0.069792 0.162963
3 0.855208 0.811111 0.139583 0.307407
3 0.494792 0.314815 0.056250 0.103704
3 0.368229 0.143519 0.017708 0.038889
3 0.833333 0.166667 0.022917 0.040741
3 0.903646 0.166667 0.021875 0.051852
4 0.740625 0.244444 0.172917 0.155556
4 0.866146 0.153704 0.048958 0.077778
6 0.602604 0.891667 0.219792 0.216667
5 0.953840 0.897852 0.091246 0.199314
5 0.409580 0.211924 0.014874 0.058760
5 0.757011 0.611974 0.046125 0.096734
5 0.370778 0.247931 0.016191 0.076246
5 0.348702 0.270058 0.019761 0.073977
5 0.367468 0.168191 0.016637 0.079974
5 0.367550 0.182797 0.015675 0.060455
