0 0.333854 0.786111 0.119792 0.309259
0 0.505208 0.832407 0.143750 0.287037
0 0.616146 0.545370 0.113542 0.164815
0 0.597396 0.335185 0.115625 0.096296
0 0.373958 0.156481 0.031250 0.046296
0 0.680208 0.213889 0.052083 0.068519
1 0.335417 0.849074 0.045833 0.016667
1 0.516146 0.868519 0.044792 0.022222
2 0.228125 0.730556 0.050000 0.216667
2 0.282813 0.568519 0.053125 0.151852
2 0.503646 0.495370 0.038542 0.150000
2 0.526042 0.611111 0.033333 0.144444
2 0.648958 0.727778 0.054167 0.214815
3 0.765625 0.667593 0.110417 0.242593
3 0.409375 0.159259 0.020833 0.044444
6 0.227083 0.319444 0.183333 0.161111
6 0.929688 0.148148 0.046875 0.096296
5 0.231765 0.697404 0.052300 0.155301
5 0.283698 0.559266 0.044835 0.132314
5 0.688961 0.617836 0.048435 0.191261
5 0.319382 0.568844 0.031059 0.128493
5 0.504329 0.494513 0.040662 0.135243
5 0.649399 0.698010 0.061292 0.155828
5 0.411915 0.291551 0.019460 0.061097
