0 0.394792 0.858333 0.164583 0.283333
0 0.136458 0.217593 0.039583 0.083333
1 0.402083 0.939815 0.045833 0.024074
1 0.214062 0.662037 0.015625 0.016667
2 0.173437 0.374074 0.036458 0.122222
2 0.239063 0.329630 0.073958 0.114815
2 0.421875 0.154630 0.016667 0.042593
2 0.626563 0.340741 0.059375 0.103704
2 0.582292 0.212037 0.014583 0.053704
2 0.602604 0.221296 0.028125 0.061111
3 0.186458 0.601852 0.087500 0.222222
3 0.476042 0.179630 0.022917 0.062963
4 0.191146 0.136111 0.148958 0.120370
5 0.736837 0.528316 0.025709 0.143710
5 0.240292 0.318434 0.031243 0.097125
5 0.174590 0.363372 0.027041 0.104689
5 0.718458 0.434881 0.024935 0.110494
5 0.633963 0.339031 0.043287 0.099237
5 0.723165 0.431889 0.032768 0.117839
5 0.748668 0.427162 0.021436 0.100985
5 0.593178 0.206692 0.015287 0.050071
5 0.422751 0.155199 0.015462 0.045482
