0 0.334896 0.368519 0.111458 0.151852
0 0.467187 0.355556 0.136458 0.162963
0 0.450521 0.492593 0.119792 0.200000
0 0.585417 0.413889 0.091667 0.161111
0 0.340625 0.237037 0.162500 0.133333
0 0.342708 0.108333 0.112500 0.079630
0 0.451562 0.089815 0.098958 0.068519
0 0.562500 0.134259 0.102083 0.083333
1 0.317708 0.376852 0.031250 0.020370
1 0.448958 0.513889 0.037500 0.024074
2 0.546354 0.357407 0.034375 0.144444
2 0.883333 0.388889 0.037500 0.162963
3 0.452604 0.220370 0.069792 0.125926
5 0.605919 0.308844 0.050099 0.104122
5 0.600591 0.300576 0.046969 0.089681
