0 0.335417 0.788889 0.122917 0.311111
0 0.498958 0.767593 0.127083 0.264815
0 0.608854 0.549074 0.109375 0.161111
0 0.366146 0.138889 0.023958 0.040741
0 0.510417 0.191667 0.047917 0.061111
0 0.587500 0.204630 0.052083 0.057407
0 0.879687 0.174074 0.040625 0.048148
1 0.335417 0.850000 0.045833 0.022222
2 0.333854 0.501852 0.032292 0.140741
2 0.385937 0.544444 0.053125 0.170370
2 0.454167 0.502778 0.037500 0.146296
2 0.506250 0.498148 0.039583 0.148148
2 0.655729 0.362963 0.059375 0.107407
3 0.749479 0.643519 0.101042 0.231481
3 0.143229 0.881481 0.128125 0.237037
3 0.487500 0.890741 0.122917 0.218519
3 0.399479 0.181481 0.032292 0.059259
3 0.874479 0.286111 0.065625 0.094444
6 0.927083 0.154630 0.045833 0.101852
6 0.457813 0.192593 0.053125 0.085185
5 0.033442 0.558269 0.043007 0.137782
5 0.333200 0.490084 0.037513 0.124429
5 0.117225 0.585181 0.030588 0.127955
5 0.682052 0.627941 0.042787 0.190340
5 0.128203 0.684167 0.054115 0.151732
5 0.386767 0.503180 0.048045 0.080506
5 0.651291 0.602911 0.039029 0.167094
5 0.456172 0.489844 0.039778 0.109161
5 0.503938 0.499093 0.043330 0.136930
5 0.333247 0.470968 0.035708 0.087466
