0 0.404687 0.914815 0.176042 0.170370
1 0.214062 0.674074 0.011458 0.018519
2 0.173958 0.387963 0.037500 0.116667
2 0.344271 0.332407 0.071875 0.112963
2 0.380729 0.168519 0.019792 0.055556
3 0.183854 0.614815 0.090625 0.225926
3 0.494271 0.189815 0.034375 0.061111
4 0.158854 0.136111 0.082292 0.098148
5 0.736767 0.522825 0.026540 0.156314
5 0.706786 0.441375 0.032088 0.107902
5 0.175894 0.379611 0.031778 0.098409
5 0.348293 0.322236 0.027457 0.089124
5 0.381763 0.167682 0.017364 0.049978
5 0.748673 0.432179 0.019516 0.096980
5 0.682706 0.222338 0.019118 0.061034
5 0.764569 0.435889 0.019744 0.109703
5 0.751949 0.437288 0.025109 0.109712
