0 0.378646 0.711111 0.134375 0.229630
0 0.426042 0.278704 0.114583 0.090741
1 0.381771 0.766667 0.038542 0.018519
1 0.214583 0.667593 0.012500 0.016667
2 0.172396 0.365741 0.032292 0.116667
2 0.437500 0.208333 0.016667 0.064815
2 0.467708 0.177778 0.012500 0.048148
2 0.491146 0.179630 0.009375 0.044444
2 0.481250 0.174074 0.010417 0.044444
3 0.186458 0.606481 0.085417 0.224074
3 0.492708 0.150000 0.020833 0.044444
4 0.363542 0.136111 0.120833 0.098148
4 0.616146 0.203704 0.146875 0.148148
5 0.737300 0.527791 0.028368 0.144219
5 0.171721 0.359030 0.031606 0.111499
5 0.438837 0.207890 0.019831 0.060444
5 0.528936 0.160882 0.010393 0.068244
