0 0.287500 0.718519 0.137500 0.248148
0 0.202604 0.326852 0.169792 0.105556
0 0.653125 0.879630 0.191667 0.240741
0 0.645312 0.677778 0.144792 0.196296
0 0.831250 0.829630 0.152083 0.251852
0 0.591146 0.339815 0.142708 0.101852
0 0.169792 0.181481 0.070833 0.059259
0 0.340104 0.171296 0.057292 0.046296
0 0.330208 0.139815 0.035417 0.031481
0 0.404167 0.187963 0.029167 0.053704
0 0.536458 0.232407 0.079167 0.064815
0 0.545312 0.204630 0.065625 0.046296
0 0.661979 0.233333 0.061458 0.051852
0 0.536458 0.152778 0.029167 0.038889
0 0.515625 0.135185 0.020833 0.033333
1 0.682813 0.957407 0.051042 0.025926
1 0.463542 0.887963 0.022917 0.031481
1 0.279687 0.750926 0.040625 0.016667
1 0.654167 0.730556 0.039583 0.020370
2 0.139583 0.650000 0.058333 0.200000
2 0.440625 0.535185 0.089583 0.085185
2 0.547917 0.478704 0.037500 0.138889
2 0.553646 0.680556 0.034375 0.190741
2 0.731771 0.629630 0.055208 0.170370
2 0.649479 0.240741 0.038542 0.062963
2 0.602604 0.232407 0.032292 0.061111
3 0.433854 0.193519 0.017708 0.061111
6 0.463542 0.196296 0.050000 0.096296
6 0.466667 0.753704 0.139583 0.385185
5 0.346593 0.912385 0.048268 0.173824
5 0.135505 0.627681 0.054787 0.153834
5 0.417089 0.537988 0.042633 0.092901
5 0.550231 0.679273 0.035573 0.183088
5 0.547874 0.450909 0.035186 0.086125
5 0.819107 0.562222 0.040622 0.151158
5 0.733734 0.627661 0.051064 0.165975
5 0.108941 0.410980 0.028738 0.094642
5 0.548101 0.472909 0.036403 0.130693
5 0.114198 0.413170 0.039359 0.106523
