0 0.287500 0.716667 0.135417 0.244444
0 0.653646 0.877778 0.192708 0.244444
0 0.645312 0.673148 0.136458 0.194444
0 0.827604 0.842593 0.151042 0.285185
0 0.167187 0.180556 0.073958 0.057407
0 0.219792 0.169444 0.062500 0.057407
0 0.328125 0.146296 0.033333 0.051852
0 0.362500 0.170370 0.058333 0.048148
0 0.408333 0.200926 0.045833 0.064815
0 0.514062 0.162963 0.030208 0.044444
0 0.471875 0.147222 0.025000 0.031481
0 0.657292 0.231481 0.066667 0.062963
0 0.669792 0.265741 0.045833 0.057407
1 0.682292 0.959259 0.047917 0.022222
1 0.655729 0.731481 0.040625 0.018519
1 0.464062 0.887963 0.023958 0.027778
1 0.279167 0.750000 0.037500 0.011111
1 0.113542 0.880556 0.020833 0.024074
1 0.172917 0.699074 0.014583 0.020370
1 0.550000 0.730556 0.014583 0.012963
2 0.111458 0.825000 0.070833 0.253704
2 0.189062 0.662037 0.048958 0.201852
2 0.345313 0.552778 0.082292 0.150000
2 0.554167 0.687037 0.033333 0.200000
2 0.733333 0.627778 0.056250 0.170370
2 0.967187 0.917593 0.065625 0.146296
3 0.451562 0.188889 0.028125 0.055556
3 0.483333 0.212963 0.045833 0.066667
6 0.566146 0.214815 0.073958 0.107407
6 0.466146 0.748148 0.140625 0.374074
5 0.318343 0.882368 0.049295 0.234170
5 0.111926 0.804054 0.069747 0.207578
5 0.550159 0.680129 0.035285 0.176016
5 0.341092 0.526183 0.032027 0.093632
5 0.821178 0.561839 0.043207 0.152170
5 0.191055 0.628770 0.048064 0.138170
5 0.735125 0.633012 0.049931 0.178505
5 0.112736 0.409472 0.036575 0.099147
5 0.342468 0.545879 0.035792 0.128528
