0 0.400000 0.872222 0.166667 0.255556
1 0.403646 0.973148 0.051042 0.020370
1 0.215625 0.659259 0.012500 0.011111
2 0.172396 0.375926 0.028125 0.114815
2 0.263542 0.329630 0.075000 0.114815
2 0.414583 0.158333 0.014583 0.046296
2 0.603646 0.213889 0.026042 0.057407
2 0.623437 0.223148 0.030208 0.061111
2 0.664062 0.343519 0.051042 0.105556
3 0.189062 0.603704 0.090625 0.229630
3 0.476562 0.184259 0.028125 0.064815
4 0.182812 0.128704 0.132292 0.112963
5 0.736927 0.527835 0.026067 0.145055
5 0.173095 0.374829 0.030886 0.116416
5 0.268029 0.321462 0.028590 0.099013
5 0.414118 0.158820 0.014398 0.049245
5 0.715991 0.435060 0.022104 0.108319
5 0.749234 0.426161 0.021985 0.100303
