0 0.335938 0.786111 0.134375 0.312963
0 0.503125 0.794444 0.133333 0.270370
0 0.614062 0.549074 0.119792 0.168519
0 0.364063 0.323148 0.117708 0.098148
0 0.636458 0.223148 0.062500 0.072222
0 0.367188 0.148148 0.030208 0.044444
0 0.594271 0.197222 0.042708 0.057407
0 0.486979 0.178704 0.036458 0.053704
0 0.875000 0.169444 0.029167 0.042593
1 0.336458 0.849074 0.043750 0.020370
1 0.510938 0.820370 0.042708 0.018519
2 0.289062 0.632407 0.046875 0.187037
2 0.328125 0.530556 0.043750 0.150000
2 0.486979 0.564815 0.044792 0.159259
2 0.512500 0.494444 0.043750 0.137037
2 0.591146 0.644444 0.055208 0.192593
2 0.452604 0.310185 0.023958 0.090741
3 0.957812 0.312037 0.084375 0.098148
3 0.752604 0.646296 0.105208 0.229630
3 0.468229 0.205556 0.038542 0.059259
3 0.423958 0.166667 0.027083 0.048148
3 0.400521 0.150926 0.026042 0.050000
6 0.926042 0.154630 0.050000 0.109259
6 0.541667 0.214815 0.066667 0.096296
5 0.244820 0.586179 0.035906 0.154110
5 0.326520 0.510233 0.039123 0.111393
5 0.650805 0.606742 0.038138 0.184659
5 0.679912 0.620751 0.031190 0.182357
5 0.652150 0.625147 0.030944 0.150235
5 0.506838 0.488778 0.036367 0.128879
5 0.451900 0.305480 0.024394 0.091776
5 0.708569 0.622849 0.022516 0.150012
