0 0.357292 0.351852 0.143750 0.144444
0 0.479167 0.337963 0.114583 0.157407
0 0.439583 0.488889 0.102083 0.181481
0 0.482812 0.655556 0.155208 0.222222
0 0.584375 0.422222 0.100000 0.170370
0 0.396354 0.136111 0.130208 0.094444
0 0.457813 0.100000 0.067708 0.070370
0 0.908854 0.170370 0.148958 0.081481
1 0.327604 0.352778 0.030208 0.020370
1 0.447917 0.514815 0.039583 0.014815
1 0.480208 0.687963 0.045833 0.016667
2 0.870313 0.329630 0.030208 0.148148
2 0.927083 0.319444 0.029167 0.131481
3 0.116146 0.257407 0.107292 0.137037
5 0.251748 0.410701 0.043886 0.185413
5 0.604415 0.314886 0.057197 0.110006
5 0.550472 0.313112 0.032539 0.090350
