0 0.378125 0.722222 0.131250 0.240741
0 0.336979 0.265741 0.109375 0.087037
1 0.383333 0.769444 0.039583 0.016667
1 0.215104 0.665741 0.017708 0.016667
2 0.171354 0.366667 0.034375 0.114815
2 0.469271 0.219444 0.026042 0.064815
2 0.498437 0.184259 0.015625 0.046296
3 0.186979 0.601852 0.094792 0.229630
3 0.483333 0.159259 0.020833 0.051852
4 0.334375 0.136111 0.139583 0.101852
4 0.645833 0.207407 0.097917 0.133333
5 0.172280 0.359310 0.031209 0.112462
5 0.736618 0.488823 0.031324 0.230197
5 0.736959 0.507163 0.025879 0.188098
5 0.499876 0.185826 0.017116 0.054338
5 0.734074 0.523116 0.022728 0.154236
5 0.745154 0.430317 0.023775 0.106822
