0 0.336458 0.784259 0.125000 0.316667
0 0.498958 0.766667 0.129167 0.262963
0 0.613021 0.550926 0.115625 0.164815
0 0.533854 0.201852 0.051042 0.059259
0 0.365104 0.143519 0.026042 0.046296
0 0.608333 0.208333 0.058333 0.057407
1 0.334896 0.849074 0.044792 0.020370
2 0.101562 0.778704 0.063542 0.209259
2 0.330729 0.508333 0.038542 0.150000
2 0.365625 0.557407 0.045833 0.151852
2 0.459375 0.515741 0.041667 0.153704
2 0.503646 0.497222 0.046875 0.157407
2 0.579167 0.346296 0.045833 0.096296
2 0.610938 0.611111 0.059375 0.162963
3 0.491146 0.900926 0.128125 0.198148
3 0.132812 0.913889 0.136458 0.172222
3 0.753125 0.642593 0.108333 0.229630
3 0.410938 0.187963 0.034375 0.061111
3 0.390104 0.156481 0.019792 0.046296
3 0.945312 0.298148 0.069792 0.088889
3 0.850000 0.175000 0.020833 0.053704
6 0.477083 0.195370 0.054167 0.083333
6 0.928125 0.154630 0.050000 0.105556
5 0.152022 0.598578 0.033458 0.163801
5 0.104136 0.756160 0.066265 0.174058
5 0.015584 0.563427 0.030934 0.135759
5 0.684821 0.626031 0.034623 0.188734
5 0.334685 0.492654 0.037397 0.117630
5 0.460780 0.497960 0.036275 0.111604
5 0.505446 0.494525 0.040718 0.135166
5 0.651443 0.611259 0.037450 0.177730
5 0.655576 0.597561 0.032652 0.147979
