0 0.552604 0.690741 0.140625 0.259259
0 0.509375 0.877778 0.170833 0.244444
0 0.634375 0.474074 0.106250 0.174074
0 0.742188 0.612037 0.130208 0.220370
0 0.795312 0.851852 0.211458 0.296296
0 0.051562 0.198148 0.059375 0.081481
0 0.031250 0.158333 0.058333 0.075926
1 0.136979 0.812963 0.021875 0.025926
1 0.211979 0.664815 0.017708 0.014815
1 0.376042 0.751852 0.014583 0.018519
1 0.552083 0.726852 0.041667 0.020370
1 0.517188 0.960185 0.053125 0.031481
1 0.628646 0.488889 0.036458 0.022222
1 0.758333 0.678704 0.033333 0.016667
1 0.821875 0.916667 0.054167 0.025926
2 0.225000 0.630556 0.058333 0.224074
2 0.803125 0.377778 0.037500 0.111111
3 0.098437 0.738889 0.121875 0.300000
3 0.343229 0.675000 0.107292 0.275926
3 0.776563 0.184259 0.048958 0.072222
5 0.226406 0.608315 0.045466 0.155944
5 0.398888 0.201539 0.019448 0.080583
5 0.802344 0.376075 0.031163 0.102170
