0 0.318229 0.850926 0.128125 0.212963
0 0.442188 0.815741 0.134375 0.227778
0 0.515104 0.958333 0.159375 0.083333
0 0.634375 0.645370 0.106250 0.157407
0 0.240104 0.444444 0.086458 0.085185
0 0.426042 0.458333 0.122917 0.098148
0 0.635938 0.352778 0.090625 0.068519
0 0.534896 0.332407 0.040625 0.053704
0 0.503646 0.299074 0.032292 0.050000
0 0.505729 0.260185 0.021875 0.038889
0 0.496875 0.218519 0.012500 0.029630
0 0.459896 0.262037 0.021875 0.038889
0 0.463542 0.198148 0.014583 0.014815
1 0.070312 0.943519 0.017708 0.016667
1 0.308333 0.900926 0.039583 0.024074
1 0.432812 0.894444 0.034375 0.018519
1 0.607292 0.762963 0.012500 0.014815
1 0.651563 0.654630 0.028125 0.016667
1 0.758333 0.951852 0.016667 0.014815
2 0.079167 0.898148 0.033333 0.203704
2 0.260937 0.659259 0.053125 0.144444
2 0.370312 0.637037 0.063542 0.148148
2 0.597917 0.540741 0.035417 0.118519
2 0.607292 0.504630 0.043750 0.101852
2 0.718750 0.603704 0.031250 0.107407
2 0.443750 0.299074 0.010417 0.050000
2 0.472396 0.287963 0.009375 0.038889
2 0.441667 0.250926 0.012500 0.035185
3 0.217188 0.762963 0.090625 0.196296
3 0.582292 0.712037 0.079167 0.212963
3 0.659375 0.906481 0.125000 0.187037
3 0.769271 0.445370 0.067708 0.087037
3 0.784896 0.475000 0.078125 0.101852
6 0.171354 0.870370 0.148958 0.248148
6 0.744271 0.824074 0.144792 0.329630
5 0.362669 0.604450 0.029602 0.086469
5 0.165496 0.681795 0.031860 0.093011
5 0.250267 0.628787 0.032979 0.074490
5 0.142977 0.730179 0.049393 0.093106
5 0.083659 0.848852 0.029864 0.113470
