0 0.250521 0.582407 0.119792 0.190741
0 0.397917 0.487037 0.100000 0.148148
0 0.364583 0.591667 0.093750 0.220370
0 0.556771 0.894444 0.192708 0.211111
0 0.706771 0.772222 0.192708 0.270370
0 0.579688 0.571296 0.084375 0.198148
0 0.535937 0.425000 0.065625 0.098148
0 0.653646 0.424074 0.092708 0.129630
0 0.520312 0.225000 0.061458 0.061111
0 0.701562 0.288889 0.067708 0.085185
0 0.905729 0.237037 0.076042 0.055556
1 0.233854 0.596296 0.030208 0.022222
1 0.365104 0.623148 0.030208 0.016667
1 0.547396 0.686111 0.015625 0.027778
1 0.740625 0.837037 0.039583 0.014815
2 0.096875 0.873148 0.050000 0.253704
2 0.649479 0.517593 0.034375 0.175926
2 0.788021 0.675926 0.063542 0.200000
2 0.381771 0.155556 0.009375 0.048148
2 0.344792 0.162037 0.010417 0.042593
2 0.965625 0.234259 0.029167 0.064815
3 0.711979 0.560185 0.090625 0.157407
3 0.354687 0.119444 0.013542 0.038889
3 0.811979 0.283333 0.051042 0.074074
3 0.794271 0.247222 0.046875 0.079630
3 0.832812 0.167593 0.021875 0.057407
4 0.870833 0.151852 0.050000 0.077778
4 0.504167 0.634259 0.122917 0.305556
5 0.097128 0.870853 0.057728 0.250758
5 0.966752 0.237358 0.028011 0.063572
5 0.803192 0.684670 0.048717 0.165683
