0 0.319271 0.848148 0.136458 0.218519
0 0.442188 0.820370 0.134375 0.225926
0 0.509375 0.960185 0.160417 0.079630
0 0.636458 0.629630 0.106250 0.155556
0 0.251042 0.439815 0.097917 0.068519
0 0.525521 0.456481 0.126042 0.090741
0 0.582812 0.423148 0.086458 0.087037
0 0.513021 0.311111 0.040625 0.059259
0 0.493229 0.294444 0.028125 0.048148
0 0.459375 0.243519 0.022917 0.035185
0 0.503646 0.237963 0.015625 0.035185
1 0.071354 0.943519 0.011458 0.016667
1 0.309896 0.900000 0.040625 0.022222
1 0.432292 0.895370 0.033333 0.024074
1 0.604688 0.748148 0.011458 0.014815
1 0.646875 0.643519 0.027083 0.020370
1 0.755208 0.950926 0.014583 0.016667
2 0.083854 0.897222 0.036458 0.205556
2 0.367708 0.637037 0.045833 0.144444
2 0.264583 0.662037 0.052083 0.150000
2 0.610938 0.500926 0.038542 0.090741
2 0.441667 0.263889 0.008333 0.038889
2 0.468229 0.265741 0.009375 0.035185
2 0.714583 0.501852 0.031250 0.096296
3 0.214062 0.750000 0.098958 0.174074
3 0.584375 0.700926 0.072917 0.209259
3 0.656250 0.903704 0.125000 0.192593
3 0.277604 0.462963 0.086458 0.096296
3 0.405729 0.477778 0.090625 0.107407
4 0.760938 0.419444 0.132292 0.205556
6 0.169271 0.876852 0.142708 0.246296
6 0.745833 0.818519 0.150000 0.314815
5 0.362229 0.603191 0.028890 0.086815
5 0.165477 0.681784 0.032349 0.092845
5 0.250256 0.628695 0.033034 0.077595
5 0.143179 0.730268 0.049197 0.093773
5 0.083599 0.850459 0.030206 0.116301
5 0.082680 0.873359 0.033078 0.164457
