0 0.283854 0.722222 0.134375 0.262963
0 0.645312 0.679630 0.140625 0.207407
0 0.653646 0.878704 0.190625 0.242593
0 0.826562 0.818519 0.157292 0.233333
0 0.360417 0.336111 0.179167 0.109259
0 0.572396 0.242593 0.088542 0.070370
0 0.167708 0.180556 0.072917 0.064815
0 0.316667 0.172222 0.060417 0.051852
0 0.330729 0.145370 0.032292 0.042593
0 0.398958 0.169444 0.039583 0.046296
0 0.402083 0.189815 0.029167 0.061111
0 0.531771 0.157407 0.032292 0.037037
0 0.572396 0.210185 0.076042 0.046296
0 0.503646 0.140741 0.026042 0.037037
1 0.682292 0.957407 0.047917 0.018519
1 0.465104 0.888889 0.021875 0.029630
1 0.279687 0.750000 0.038542 0.022222
1 0.654687 0.731481 0.036458 0.018519
1 0.114583 0.729630 0.016667 0.014815
2 0.125000 0.687037 0.060417 0.211111
2 0.343229 0.578704 0.096875 0.150000
2 0.513542 0.496296 0.052083 0.140741
2 0.552083 0.685185 0.031250 0.200000
2 0.730729 0.631481 0.053125 0.170370
2 0.430208 0.154630 0.010417 0.042593
2 0.659896 0.241667 0.038542 0.072222
3 0.443229 0.195370 0.032292 0.064815
3 0.450521 0.167593 0.026042 0.038889
6 0.469271 0.749074 0.136458 0.375926
6 0.483333 0.204630 0.056250 0.094444
5 0.330624 0.903599 0.051691 0.192567
5 0.119973 0.667494 0.055747 0.178387
5 0.549961 0.679895 0.035508 0.182909
5 0.733810 0.629372 0.050807 0.169887
5 0.113913 0.410709 0.038469 0.104615
5 0.821828 0.560150 0.044905 0.155312
5 0.512524 0.469151 0.036982 0.082579
5 0.107743 0.407748 0.025735 0.095972
