0 0.286458 0.724074 0.139583 0.255556
0 0.651563 0.879630 0.190625 0.240741
0 0.646354 0.671296 0.142708 0.190741
0 0.829167 0.824074 0.156250 0.244444
0 0.169792 0.182407 0.075000 0.061111
0 0.328125 0.150926 0.037500 0.057407
0 0.388542 0.171296 0.035417 0.050000
0 0.428646 0.201852 0.053125 0.062963
0 0.489063 0.174074 0.030208 0.033333
0 0.542708 0.155556 0.022917 0.033333
0 0.503125 0.219444 0.077083 0.075926
0 0.645833 0.267593 0.093750 0.068519
0 0.647396 0.230556 0.084375 0.050000
1 0.683854 0.957407 0.048958 0.025926
1 0.655208 0.732407 0.041667 0.024074
1 0.464062 0.888889 0.023958 0.029630
1 0.278646 0.750926 0.040625 0.020370
2 0.171875 0.591667 0.060417 0.194444
2 0.553125 0.683333 0.033333 0.200000
2 0.736458 0.631481 0.054167 0.170370
2 0.708854 0.558333 0.044792 0.157407
2 0.966146 0.924074 0.055208 0.151852
2 0.607812 0.401852 0.032292 0.122222
2 0.456250 0.190741 0.016667 0.066667
3 0.576042 0.219444 0.050000 0.068519
3 0.508854 0.144444 0.021875 0.029630
3 0.461979 0.179630 0.030208 0.051852
6 0.467187 0.750000 0.138542 0.377778
6 0.419271 0.158333 0.028125 0.072222
5 0.167184 0.573661 0.050928 0.144182
5 0.607142 0.400910 0.028787 0.111242
5 0.550981 0.683532 0.034978 0.177739
5 0.736940 0.830789 0.036225 0.180955
5 0.734803 0.617431 0.048972 0.146902
5 0.734960 0.595959 0.046848 0.103010
5 0.709643 0.534539 0.047784 0.116735
5 0.105982 0.408079 0.021367 0.096989
