0 0.358854 0.347222 0.130208 0.153704
0 0.491667 0.337037 0.118750 0.155556
0 0.484896 0.642593 0.153125 0.244444
0 0.455208 0.486111 0.129167 0.190741
0 0.586458 0.423148 0.087500 0.175926
0 0.441146 0.143519 0.111458 0.087037
0 0.488542 0.133333 0.079167 0.081481
0 0.524479 0.098148 0.084375 0.070370
1 0.330208 0.350000 0.025000 0.018519
1 0.447396 0.512963 0.030208 0.018519
1 0.481250 0.664815 0.043750 0.025926
2 0.866667 0.314815 0.039583 0.170370
2 0.923958 0.321296 0.035417 0.142593
5 0.256667 0.421215 0.041728 0.183428
5 0.603528 0.316330 0.057576 0.116039
5 0.598830 0.301915 0.045980 0.087614
