0 0.287500 0.723148 0.137500 0.253704
0 0.653125 0.879630 0.195833 0.240741
0 0.648958 0.674074 0.147917 0.196296
0 0.827604 0.832407 0.161458 0.257407
0 0.181771 0.320370 0.128125 0.114815
0 0.165104 0.182407 0.073958 0.057407
0 0.327604 0.150000 0.036458 0.051852
0 0.367708 0.173148 0.054167 0.053704
0 0.471875 0.216667 0.070833 0.062963
0 0.571354 0.220370 0.069792 0.059259
0 0.663021 0.253704 0.065625 0.070370
0 0.518229 0.164815 0.030208 0.037037
1 0.681771 0.959259 0.051042 0.022222
1 0.656771 0.730556 0.040625 0.024074
1 0.280729 0.750926 0.040625 0.020370
1 0.465625 0.889815 0.022917 0.031481
2 0.173437 0.593519 0.067708 0.187037
2 0.554688 0.684259 0.036458 0.201852
2 0.584375 0.434259 0.031250 0.135185
2 0.736979 0.635185 0.044792 0.177778
2 0.526563 0.221296 0.028125 0.064815
2 0.609375 0.231481 0.035417 0.062963
3 0.475521 0.164815 0.023958 0.048148
6 0.428125 0.178704 0.041667 0.090741
6 0.469271 0.745370 0.138542 0.372222
5 0.373125 0.939577 0.056253 0.117726
5 0.166059 0.572611 0.047407 0.146707
5 0.586104 0.423314 0.030020 0.112321
5 0.644762 0.544619 0.031620 0.084960
5 0.736128 0.616055 0.049629 0.146288
5 0.550631 0.683391 0.034738 0.176699
5 0.114420 0.412868 0.039050 0.105282
5 0.107893 0.409188 0.025786 0.097745
5 0.737614 0.600221 0.044629 0.113430
5 0.798636 0.559249 0.029438 0.155517
