0 0.244271 0.794444 0.207292 0.285185
0 0.411979 0.851852 0.201042 0.296296
0 0.658333 0.812037 0.170833 0.287037
0 0.881250 0.908333 0.212500 0.183333
0 0.853125 0.717593 0.160417 0.227778
0 0.700521 0.632407 0.132292 0.216667
0 0.458333 0.653704 0.125000 0.185185
0 0.335938 0.601852 0.169792 0.214815
0 0.519271 0.292593 0.084375 0.107407
0 0.685417 0.106481 0.041667 0.046296
1 0.383333 0.930556 0.047917 0.024074
1 0.640625 0.874074 0.047917 0.029630
1 0.865104 0.779630 0.048958 0.025926
1 0.695833 0.664815 0.033333 0.018519
1 0.303125 0.628704 0.033333 0.012963
2 0.226042 0.891667 0.085417 0.216667
2 0.638542 0.473148 0.060417 0.168519
2 0.693229 0.459259 0.063542 0.129630
2 0.810937 0.505556 0.055208 0.181481
2 0.788021 0.456481 0.038542 0.153704
3 0.610417 0.065741 0.022917 0.053704
3 0.622917 0.059259 0.014583 0.048148
3 0.631771 0.053704 0.011458 0.044444
4 0.777083 0.229630 0.445833 0.270370
5 0.787569 0.424540 0.039412 0.094454
5 0.692712 0.455309 0.046291 0.119456
5 0.226268 0.908401 0.078182 0.183197
5 0.226498 0.854956 0.072354 0.145083
5 0.624422 0.452094 0.029637 0.093466
